   4133.50000000   46377.00000000    3153.00000000      29.71272230     495.11715813       2.11000000      53.25496379 
   4140.50000000   46717.00000000    3163.33333333      29.71272230     498.43536817       2.10000000      53.44848622 
   4153.20000000   47057.00000000    3173.66666667      30.30697674     501.95468184       2.04000000      53.78788862 
   4161.00000000   47397.00000000    3184.00000000      30.30697674     506.07730643       1.98000000      53.93229401 
   4168.30000000   47589.00000000    3196.66666667      30.30697674     510.19993102       1.93000000      54.06914071 
   4180.20000000   47781.00000000    3209.33333333      30.30697674     514.42310743       1.86000000      54.24231058 
   4197.30000000   47973.00000000    3222.00000000      30.30697674     519.14904294       1.79000000      54.65703172 
   4211.30000000   48516.00000000    3278.66666667      30.30697674     523.87497844       1.68000000      55.07080382 
   4225.80000000   49059.00000000    3335.33333333      30.90123119     528.50036213       1.59000000      55.56712054 
   4242.80000000   49602.00000000    3392.00000000      31.49548564     529.50588032       1.53000000      55.78286000 
   4258.30000000   49939.00000000    3376.66666667      31.49548564     530.41084670       1.49000000      55.88964586 
   4273.30000000   50276.00000000    3361.33333333      32.08974008     531.41636489       1.45000000      56.08132136 
   4283.90000000   50613.00000000    3346.00000000      32.08974008     532.22077944       1.42000000      56.10626196 
   4290.80000000   50332.00000000    3369.00000000      32.08974008     533.12574582       1.45000000      56.08315076 
   4299.50000000   50051.00000000    3392.00000000      32.08974008     534.03071219       1.68000000      55.97963656 
   4305.70000000   49770.00000000    3415.00000000      32.68399453     534.63402311       1.68000000      56.11160360 
   4304.30000000   49742.33333333    3432.66666667      30.90123119     535.33788584       1.93000000      55.73900507 
   4293.20000000   49714.66666667    3450.33333333      32.08974008     535.94119676       2.18000000      55.74821801 
   4274.10000000   49687.00000000    3468.00000000      32.08974008     534.63402311       2.66000000      55.33529068 
   4268.30000000   49500.66666667    3462.33333333      28.52421341     530.81305397       2.86000000      54.55445744 
   4256.00000000   49314.33333333    3456.66666667      27.92995896     530.81305397       3.28000000      54.13440949 
   4244.60000000   49128.00000000    3451.00000000      27.92995896     533.12574582       3.55000000      53.95075307 
   4239.50000000   49093.66666667    3442.66666667      27.92995896     537.95223314       3.70000000      53.88509939 
   4240.30000000   49059.33333333    3434.33333333      27.92995896     533.22629764       3.90000000      53.71735868 
   4236.70000000   49025.00000000    3426.00000000      27.92995896     542.57761683       4.22000000      53.73706597 
   4247.80000000   49224.66666667    3427.66666667      28.52421341     538.85719952       4.00000000      54.01457061 
   4255.50000000   49424.33333333    3429.33333333      29.11846785     529.80753578       3.86000000      54.17216690 
   4263.50000000   49624.00000000    3431.00000000      29.11846785     540.26492499       3.59000000      54.69351947 
   4268.50000000   50185.33333333    3452.66666667      30.30697674     542.07485773       3.43000000      55.22999180 
   4282.50000000   50746.66666667    3474.33333333      31.49548564     547.20300052       3.24000000      55.86827913 
   4301.60000000   51308.00000000    3496.00000000      31.49548564     543.98534230       3.21000000      56.14245884 
   4303.90000000   51586.00000000    3543.00000000      32.08974008     547.50465598       3.14000000      56.50708208 
   4324.50000000   51864.00000000    3590.00000000      32.68399453     555.14659424       3.01000000      57.05634864 
   4337.70000000   52142.00000000    3637.00000000      33.27824897     552.73335058       3.00000000      57.21323726 
   4345.80000000   52246.00000000    3637.00000000      33.27824897     554.24162787       3.00000000      57.29728765 
   4353.60000000   52350.00000000    3637.00000000      33.27824897     554.94549060       3.03000000      57.35577278 
   4366.30000000   52454.00000000    3637.00000000      33.27824897     562.98963614       3.01000000      57.64557416 
   4370.10000000   52795.00000000    3654.00000000      33.87250342     565.10122435       3.01000000      57.88679836 
   4377.80000000   53136.00000000    3671.00000000      33.27824897     567.71557165       2.93000000      58.02281163 
   4383.30000000   53477.00000000    3688.00000000      32.68399453     554.74438696       2.86000000      58.01686999 
   4394.60000000   53974.00000000    3706.66666667      33.27824897     575.25695810       2.72000000      58.66418456 
   4406.20000000   54471.00000000    3725.33333333      33.87250342     576.26247629       2.65000000      59.04129581 
   4418.00000000   54968.00000000    3744.00000000      33.27824897     573.34647353       2.63000000      58.97471528 
   4434.40000000   54645.66666667    3773.33333333      33.27824897     580.38510088       2.65000000      59.12399676 
   4443.70000000   54323.33333333    3802.66666667      33.27824897     579.58068633       2.62000000      59.15874535 
   4455.10000000   54001.00000000    3832.00000000      33.87250342     589.13310916       2.56000000      59.78789509 
   4469.00000000   54793.00000000    3889.00000000      33.87250342     591.04359372       2.55000000      60.22650038 
   4480.80000000   55585.00000000    3946.00000000      33.87250342     588.73090188       2.41000000      60.66304381 
   4494.50000000   56377.00000000    4003.00000000      34.46675787     589.03255734       2.31000000      61.09315690 
   4513.40000000   56859.66666667    4024.33333333      35.06101231     600.49546474       2.11000000      61.74145890 
   4525.00000000   57342.33333333    4045.66666667      35.06101231     593.05463011       2.07000000      61.94633737 
   4535.50000000   57825.00000000    4067.00000000      35.65526676     592.35076737       2.04000000      62.04182281 
   4553.50000000   57746.33333333    4076.33333333      35.65526676     608.03685118       1.94000000      62.33229369 
   4566.30000000   57667.66666667    4085.66666667      36.84377565     599.08773927       1.86000000      62.44956062 
   4580.70000000   57589.00000000    4095.00000000      36.84377565     605.62360752       1.79000000      62.81341822 
   4598.50000000   58092.66666667    4125.66666667      36.84377565     616.98596310       1.69000000      63.27202312 
   4610.30000000   58596.33333333    4156.33333333      37.43803010     621.10858769       1.58000000      63.69563866 
   4625.80000000   59100.00000000    4187.00000000      37.43803010     623.52183135       1.53000000      63.95294377 
   4641.90000000   59443.66666667    4215.66666667      38.03228454     628.95162959       1.49000000      64.33021430 
   4652.90000000   59787.33333333    4244.33333333      38.62653899     634.58253147       1.45000000      64.67767456 
   4669.20000000   60131.00000000    4273.00000000      38.62653899     635.38694603       1.39000000      64.94547670 
   4658.70000000   60666.00000000    4302.66666667      38.62653899     638.40350060       1.53000000      64.96811385 
   4691.00000000   61201.00000000    4332.33333333      39.22079343     646.84985342       1.28000000      65.61073404 
   4711.80000000   61736.00000000    4362.00000000      39.81504788     647.75481980       1.34000000      65.84665228 
   4723.80000000   61778.33333333    4390.33333333      39.81504788     650.36916710       1.38000000      65.97590909 
   4739.70000000   61820.66666667    4418.66666667      39.22079343     644.43660976       1.32000000      65.99602040 
   4756.90000000   61863.00000000    4447.00000000      39.22079343     657.81000172       1.25000000      66.38319544 
   4772.50000000   62417.66666667    4448.00000000      39.22079343     666.85966546       1.24000000      66.67438686 
   4783.30000000   62972.33333333    4449.00000000      39.81504788     654.59234351       1.27000000      66.74245943 
   4793.40000000   63527.00000000    4450.00000000      39.81504788     661.42986722       1.27000000      66.89549539 
   4802.70000000   63578.66666667    4468.66666667      39.81504788     665.55249181       1.28000000      67.00517960 
   4813.60000000   63630.33333333    4487.33333333      39.81504788     670.37897913       1.28000000      67.13840904 
   4821.90000000   63682.00000000    4506.00000000      39.81504788     671.78670460       1.35000000      67.12599943 
   4829.40000000   63727.66666667    4508.00000000      39.81504788     675.30601828       1.44000000      67.12268729 
   4841.40000000   63773.33333333    4510.00000000      39.22079343     675.40657010       1.49000000      67.04395699 
   4850.00000000   63819.00000000    4512.00000000      39.22079343     680.03195379       1.60000000      67.17015305 
   4862.40000000   63842.33333333    4549.33333333      39.22079343     678.22202104       1.66000000      67.27089745 
   4872.90000000   63865.66666667    4586.66666667      39.22079343     688.47830660       1.66000000      67.53351590 
   4885.00000000   63889.00000000    4624.00000000      39.81504788     688.98106570       1.70000000      67.71702214 
   4889.10000000   63950.00000000    4661.00000000      40.40930233     689.78548026       1.68000000      67.88629835 
   4898.70000000   64011.00000000    4698.00000000      40.40930233     698.43293671       1.68000000      68.08572513 
   4909.10000000   64072.00000000    4735.00000000      40.40930233     697.62852216       1.73000000      68.39763463 
   4917.90000000   64755.66666667    4796.33333333      40.40930233     699.33790309       1.73000000      68.75481247 
   4929.00000000   65439.33333333    4857.66666667      40.40930233     704.36549405       1.83000000      69.10799586 
   4936.70000000   66123.00000000    4919.00000000      40.40930233     711.50467322       1.80000000      69.33151990 
   4946.60000000   66190.66666667    4961.66666667      40.40930233     714.92343508       1.72000000      69.55340203 
   4955.40000000   66258.33333333    5004.33333333      41.00355677     715.52674599       1.71000000      69.78169761 
   4964.40000000   66326.00000000    5047.00000000      41.59781122     724.77751336       1.74000000      70.28730805 
   4980.50000000   67005.33333333    5105.66666667      42.19206566     728.79958614       1.78000000      70.77044152 
   4994.30000000   67684.66666667    5164.33333333      42.19206566     739.15642352       1.82000000      71.22704136 
   4998.60000000   68364.00000000    5223.00000000      42.19206566     733.32441800       1.85000000      71.09653525 
   5009.80000000   68407.33333333    5226.00000000      42.19206566     740.16194171       1.90000000      71.14344763 
   5020.20000000   68450.66666667    5229.00000000      42.19206566     740.76525263       1.95000000      71.11363954 
   5028.40000000   68494.00000000    5232.00000000      42.19206566     747.80387998       2.00000000      71.34483222 
   5038.50000000   69200.33333333    5243.66666667      42.19206566     756.45133644       1.96000000      71.65656055 
   5051.90000000   69906.66666667    5255.33333333      42.78632011     754.44030005       1.97000000      71.92340331 
   5063.90000000   70613.00000000    5267.00000000      42.78632011     771.53410933       1.86000000      72.34782754 
   5076.40000000   70601.00000000    5317.66666667      42.78632011     770.02583204       1.72000000      72.58453903 
   5087.40000000   70589.00000000    5368.33333333      42.78632011     775.05342300       1.79000000      72.76131001 
   5094.90000000   70577.00000000    5419.00000000      42.78632011     773.84680117       1.78000000      72.80053795 
   5106.90000000   71058.33333333    5387.33333333      42.78632011     774.24900845       1.84000000      72.84356674 
   5129.70000000   71539.66666667    5355.66666667      43.38057456     775.65673392       1.84000000      73.08432913 
   5140.80000000   72021.00000000    5324.00000000      43.97482900     785.10860493       1.90000000      73.53037569 
   5149.20000000   72365.33333333    5406.00000000      44.56908345     781.79039490       1.90000000      73.85094238 
   5164.20000000   72709.66666667    5488.00000000      44.56908345     790.03564408       1.90000000      74.25940435 
   5179.30000000   73054.00000000    5570.00000000      44.56908345     789.03012588       1.86000000      74.56247474 
   5195.80000000   73477.66666667    5624.00000000      45.16333789     798.58254872       1.88000000      75.03938928 
   5206.80000000   73901.33333333    5678.00000000      45.75759234     802.50406967       1.83000000      75.45973756 
   5218.00000000   74325.00000000    5732.00000000      45.75759234     792.14723228       1.76000000      75.74524564 
   5223.00000000   74834.33333333    5831.66666667      46.35184679     806.52614244       1.72000000      76.33209643 
   5232.50000000   75343.66666667    5931.33333333      46.35184679     818.29070529       1.73000000      76.80379062 
   5248.50000000   75853.00000000    6031.00000000      46.35184679     823.72050354       1.80000000      76.97380480 
   5252.50000000   76317.00000000    6024.33333333      46.35184679     830.05526815       1.75000000      77.14881141 
   5259.50000000   76781.00000000    6017.66666667      47.54035568     827.03871357       1.78000000      77.35350891 
   5277.60000000   77245.00000000    6011.00000000      47.54035568     853.58439386       1.79000000      77.87320978 
   5287.80000000   77492.66666667    6069.66666667      46.94610123     831.66409726       1.82000000      77.71508156 
   5300.70000000   77740.33333333    6128.33333333      47.54035568     841.31707191       1.80000000      78.11649856 
   5320.30000000   77988.00000000    6187.00000000      47.54035568     861.72909122       1.78000000      78.74078422 
   5336.10000000   78481.00000000    6267.00000000      48.72886457     896.92222797       1.73000000      79.67706405 
   5349.60000000   78974.00000000    6347.00000000      48.72886457     904.96637351       1.77000000      80.08534171 
   5366.40000000   79467.00000000    6427.00000000      48.72886457     907.27906536       1.79000000      80.38881405 
   5386.20000000   79914.66666667    6491.66666667      48.72886457     914.82045180       1.90000000      80.70828254 
   5397.60000000   80362.33333333    6556.33333333      48.72886457     921.15521642       1.94000000      81.00373560 
   5429.90000000   80810.00000000    6621.00000000      48.72886457     937.84681842       1.84000000      81.53000961 
   5446.00000000   81098.33333333    6671.33333333      49.91737346     949.61138127       1.73000000      82.06817923 
   5462.60000000   81386.66666667    6721.66666667      49.91737346     957.95718227       1.55000000      82.45634752 
   5477.30000000   81675.00000000    6772.00000000      50.51162791     953.93510950       1.56000000      82.80248941 
   5500.90000000   82360.00000000    6830.33333333      49.91737346     962.28091050       1.58000000      83.16418093 
   5509.20000000   83045.00000000    6888.66666667      50.51162791     969.52064149       1.73000000      83.48776306 
   5525.70000000   83730.00000000    6947.00000000      50.51162791     968.41457148       1.72000000      83.50375777 
   5543.70000000   84019.00000000    6897.66666667      49.32311902     969.01788239       1.72000000      83.37231478 
   5556.60000000   84308.00000000    6848.33333333      49.32311902     980.17913433       1.70000000      83.49186137 
   5575.10000000   84597.00000000    6799.00000000      49.32311902     985.30727712       1.77000000      83.91200822 
   5590.40000000   84958.00000000    6959.33333333      50.51162791    1009.84192102       1.68000000      84.78042272 
   5606.90000000   85319.00000000    7119.66666667      51.10588235    1011.35019831       1.64000000      85.30622940 
   5635.60000000   85680.00000000    7280.00000000      51.70013680    1012.75792378       1.60000000      85.68557227 
   5643.50000000   85825.00000000    7354.66666667      52.29439124    1033.67270219       1.61000000      86.08302304 
   5656.00000000   85970.00000000    7429.33333333      51.70013680    1022.81310571       1.65000000      86.01017104 
   5665.00000000   86115.00000000    7504.00000000      51.10588235    1040.61077772       1.78000000      86.12570166 
   5668.90000000   86207.33333333    7587.33333333      51.10588235    1050.06264873       1.89000000      86.21993000 
   5675.20000000   86299.66666667    7670.66666667      52.29439124    1063.63714434       2.02000000      86.52182323 
   5683.00000000   86392.00000000    7754.00000000      52.29439124    1064.84376617       1.98000000      86.76087110 
   5680.30000000   87135.00000000    7803.33333333      52.88864569    1072.58625625       1.94000000      87.07312845 
   5686.40000000   87878.00000000    7852.66666667      52.29439124    1075.30115537       1.91000000      87.22456001 
   5689.90000000   88621.00000000    7902.00000000      52.29439124    1079.92653906       2.04000000      87.12013384 
   5692.30000000   88739.00000000    7943.00000000      52.29439124    1081.93757544       2.01000000      87.09601791 
   5694.80000000   88857.00000000    7984.00000000      52.29439124    1086.26130367       2.07000000      87.03181364 
   5693.10000000   88975.00000000    8025.00000000      51.70013680    1085.95964822       2.18000000      86.67243377 
   5700.90000000   88550.00000000    8036.00000000      50.51162791    1082.03812726       2.23000000      86.30024493 
   5703.50000000   88125.00000000    8047.00000000      50.51162791    1120.75057769       2.44000000      86.34677520 
   5704.20000000   87700.00000000    8058.00000000      50.51162791    1117.63347129       2.48000000      86.67210783 
   5718.10000000   88580.66666667    8190.33333333      51.10588235    1116.72850491       2.48000000      87.21783399 
   5721.70000000   89461.33333333    8322.66666667      52.88864569    1134.22452147       2.54000000      87.98604651 
   5725.60000000   90342.00000000    8455.00000000      52.29439124    1136.43666149       2.59000000      87.75967080 
   5728.50000000   90362.33333333    8482.00000000      52.29439124    1153.42991895       2.63000000      87.75263372 
   5736.50000000   90382.66666667    8509.00000000      52.88864569    1157.45199172       2.75000000      87.69003440 
   5746.50000000   90403.00000000    8536.00000000      53.48290014    1175.45076737       2.88000000      88.23511891 
   5757.60000000   91174.66666667    8679.66666667      54.07715458    1187.71808933       2.93000000      88.79070184 
   5785.10000000   91946.33333333    8823.33333333      54.67140903    1197.27051216       3.05000000      89.38284796 
   5788.70000000   92718.00000000    8967.00000000      57.04842681    1212.05162959       2.85000000      90.29500395 
   5800.10000000   93620.00000000    9103.66666667      55.85991792    1221.30239696       2.74000000      90.66706508 
   5817.40000000   94522.00000000    9240.33333333      56.45417237    1237.79289533       2.55000000      91.44231255 
   5835.50000000   95424.00000000    9377.00000000      56.45417237    1256.59608553       2.48000000      91.80392097 
   5822.40000000   95388.00000000    9544.33333333      57.04842681    1276.40479393       2.51000000      91.95966415 
   5846.00000000   95352.00000000    9711.66666667      56.45417237    1290.88425591       2.51000000      92.18742788 
   5860.60000000   95316.00000000    9879.00000000      57.64268126    1324.46856355       2.45000000      92.87899798 
   5880.70000000   95466.33333333   10101.00000000      58.83119015    1337.33919641       2.24000000      93.54592660 
   5909.40000000   95616.66666667   10323.00000000      59.42544460    1369.01301949       2.02000000      94.35716617 
   5920.30000000   95767.00000000   10545.00000000      60.01969904    1393.14545611       2.06000000      94.74493335 
   5940.30000000   96742.00000000   10660.00000000      59.42544460    1416.47347819       2.04000000      95.07616681 
   5981.30000000   97717.00000000   10775.00000000      59.42544460    1440.50536299       2.20000000      95.50056231 
   6000.80000000   98692.00000000   10890.00000000      59.42544460    1462.92841869       2.14000000      95.91745485 
   6004.70000000   98752.66666667   11054.33333333      60.01969904    1501.03755820       2.22000000      96.31277994 
   6023.30000000   98813.33333333   11218.66666667      61.20820793    1516.12033109       1.95000000      96.98622626 
   6042.70000000   98874.00000000   11383.00000000      61.20820793    1523.66171754       2.04000000      96.95285008 
   6046.50000000   98291.66666667   11623.00000000      61.20820793    1557.74878427       2.12000000      97.01319665 
   6060.70000000   97709.33333333   11863.00000000      61.20820793    1570.11665804       2.33000000      96.88292593 
   6069.10000000   97127.00000000   12103.00000000      61.20820793    1603.70096568       2.16000000      97.06394198 
   6050.00000000   97667.33333333   12195.00000000      61.20820793    1630.64885325       2.40000000      96.67736902 
   6042.40000000   98207.66666667   12287.00000000      60.01969904    1653.27301259       2.55000000      96.25328557 
   6036.80000000   98748.00000000   12379.00000000      59.42544460    1664.13260907       2.93000000      95.86067483 
   6027.40000000   98828.33333333   12626.33333333      58.23693570    1675.29386101       3.53000000      95.19444017 
   5999.30000000   98908.66666667   12873.66666667      57.64268126    1672.67951371       3.88000000      94.57944808 
   5971.20000000   98989.00000000   13121.00000000      57.04842681    1712.90024142       4.35000000      94.27576414 
   5958.20000000   98922.00000000   13384.00000000      55.85991792    1735.92660804       4.47000000      94.14283393 
   5965.10000000   98855.00000000   13647.00000000      55.26566347    1761.96952923       4.76000000      94.11895807 
   5959.60000000   98788.00000000   13910.00000000      55.26566347    1779.16389033       4.94000000      94.02015653 
   5976.10000000   99465.00000000   14031.66666667      54.67140903    1840.90270736       5.14000000      94.24834731 
   5994.00000000  100142.00000000   14153.33333333      54.07715458    1820.28958441       4.95000000      94.27459807 
   6002.70000000  100819.00000000   14275.00000000      54.67140903    1857.39320573       4.75000000      94.65096273 
   6001.90000000  100781.00000000   14408.33333333      54.67140903    1884.74330057       4.79000000      94.62965612 
   5995.40000000  100743.00000000   14541.66666667      54.67140903    1899.42386618       4.72000000      94.57599629 
   5994.90000000  100705.00000000   14675.00000000      55.85991792    1933.41038110       5.14000000      94.22707000 
   5995.90000000  100584.66666667   14842.33333333      55.85991792    1968.00020693       5.39000000      93.85447156 
   5985.10000000  100464.33333333   15009.66666667      57.04842681    1993.03760993       5.23000000      93.82404506 
   5979.30000000  100344.00000000   15177.00000000      57.04842681    2036.67709950       5.19000000      94.13368718 
   5987.40000000  101255.33333333   15324.00000000      57.04842681    2037.98427315       4.85000000      94.53477340 
   5988.50000000  102166.66666667   15471.00000000      59.42544460    2048.44166236       4.76000000      95.07105731 
   5994.30000000  103078.00000000   15618.00000000      58.83119015    2101.83467839       4.84000000      95.26375965 
   5994.60000000  103268.00000000   15777.00000000      57.64268126    2027.92909122       4.79000000      94.74125064 
   5993.50000000  103458.00000000   15936.00000000      60.01969904    2048.94442145       4.62000000      95.30475949 
   5992.30000000  103648.00000000   16095.00000000      59.42544460    2070.56306260       4.66000000      95.53600131 
   5995.30000000  103926.66666667   16438.33333333      57.64268126    2106.15840662       4.85000000      95.58889175 
   5994.80000000  104205.33333333   16781.66666667      60.01969904    2133.91070874       4.89000000      96.25440740 
   6001.40000000  104484.00000000   17125.00000000      60.01969904    2142.85982066       4.98000000      96.22927099 
   6004.50000000  104874.00000000   17284.33333333      60.61395349    2150.80341438       5.11000000      96.22244156 
   6005.20000000  105264.00000000   17443.66666667      58.83119015    2187.50482842       4.87000000      96.31715863 
   6001.70000000  105654.00000000   17603.00000000      58.83119015    2189.81752026       4.78000000      96.21170535 
   6011.90000000  105396.66666667   17710.00000000      59.42544460    2206.91132954       4.64000000      96.40132957 
   6012.80000000  105139.33333333   17817.00000000      34.06200669    2222.29575789       5.16000000      91.65917411 
   6012.90000000  104882.00000000   17924.00000000      34.05358759    2235.66914985       5.50000000      91.43920643 
   6011.50000000  105304.66666667   18044.00000000      34.04516849    2243.51219176       5.66000000      91.31536516 
   6006.10000000  105727.33333333   18164.00000000      34.03674938    2312.79239524       5.72000000      91.53022458 
   6009.50000000  106150.00000000   18284.00000000      39.06800530    2322.44536989       5.71000000      92.52967098 
   6007.60000000  105846.66666667   18422.33333333      44.09926122    2311.98798069       5.89000000      93.13437101 
   6014.10000000  105543.33333333   18560.66666667      49.13051714    2332.40000000       5.79000000      94.05963372 
   6007.50000000  105240.00000000   18699.00000000      48.80722359    2346.40000000       5.80000000      93.94121641 
   6005.30000000  105187.33333333   18870.00000000      48.48393004    2405.80000000       6.76000000      93.34776105 
   6004.50000000  105134.66666667   19041.00000000      48.16063648    2385.20000000       5.88000000      93.78062077 
   6012.60000000  105082.00000000   19212.00000000      47.93668835    2397.90000000       5.70000000      94.25145453 
   6012.60000000  105622.66666667   19485.33333333      47.71274021    2359.50000000       5.90000000      94.13546796 
   5999.06345440  106163.33333333   19758.66666667      47.48879207    2442.40000000       6.68102780      94.04715743 
   6007.91192730  106704.00000000   20032.00000000      47.86428406    2428.70000000       6.37050330      94.29840116 
   6036.80361550  107231.66666667   20099.00000000      48.23977605    2529.30000000       6.30155830      95.02498493 
   6034.80604020  107759.33333333   20166.00000000      48.61526804    2543.10000000       6.21878890      95.15048156 
   6037.62939330  108287.00000000   20233.00000000      48.65904738    2548.70000000       6.30729760      95.29892921 
   6033.18468910  108721.66666667   20546.00000000      48.70282671    2565.90000000       6.22698220      95.57649399 
   6043.70821600  109156.33333333   20859.00000000      48.74660605    2586.60000000       6.48787360      95.71093025 
   5997.26561500  109591.00000000   21172.00000000      48.75502515    2632.20000000       6.20145200      95.63470534 
   6041.97490200  110013.33333333   21301.33333333      48.76344426    2636.40000000       6.17142680      95.82865301 
   6035.43022390  110435.66666667   21430.66666667      48.77186336    2649.70000000       6.35908460      95.53178641 
   6057.33647240  110858.00000000   21560.00000000      49.16587738    2689.50000000       6.40343190      96.06714524 
   6057.85554700  111499.00000000   21836.66666667      49.55989139    2675.30000000       6.38487020      96.26935464 
   6065.85056530  112140.00000000   22113.33333333      49.95390541    2715.10000000       6.28283410      96.81861763 
   6060.95340130  112781.00000000   22390.00000000      50.37822820    2735.00000000       6.36431900      96.74823563 
   6070.41085290  112830.00000000   22523.66666667      50.80255099    2758.40000000       6.54058540      96.72056647 
   6072.84254190  112879.00000000   22657.33333333      51.22687378    2760.10000000       6.21465950      96.94477183 
   6103.34240630  112928.00000000   22791.00000000      51.51985856    2769.10000000       6.25759070      97.11134353 
   6101.21337090  113218.33333333   22918.66666667      51.81284334    2826.30000000       6.28338330      97.25781300 
   6117.03459860  113508.66666667   23046.33333333      52.10582812    2896.40000000       6.11552380      97.73216182 
   6128.08140930  113799.00000000   23174.00000000      52.05362969    2837.10000000       6.28362560      97.53150411 
   6157.19653970  114551.33333333   23411.33333333      52.00143125    2875.50000000       6.39402840      97.89948711 
   6188.45442940  115303.66666667   23648.66666667      51.94923281    2924.90000000       6.06515980      98.67361362 
   6189.02786540  116056.00000000   23886.00000000      51.13763129    2937.50000000       6.12046540      98.45188311 
   6209.14458980  115827.00000000   24173.33333333      50.32602976    2999.90000000       6.16402650      98.57208313 
   6225.64281840  115598.00000000   24460.66666667      49.51442824    3004.70000000       6.02838790      98.58006292 
   6238.23780270  115369.00000000   24748.00000000      49.11367894    3077.20000000       5.98088800      98.95288049 
   6250.19655800  115373.33333333   25131.33333333      48.71292964    3066.20000000       6.15609970      98.82148170 
   6271.77799390  115377.66666667   25514.66666667      48.31218034    3134.30000000       6.25449900      99.11834685 
   6279.66219260  115382.00000000   25898.00000000      49.11704658    3190.70000000       6.34054280      99.51085604 
   6310.27772470  116247.00000000   26042.66666667      49.92191282    3217.00000000       6.09824890     100.21357194 
   6321.71426440  117112.00000000   26187.33333333      50.72677906    3265.10000000       6.17182210     100.60341405 
   6326.01278690  117977.00000000   26332.00000000      50.67963209    3298.00000000       6.18288290     100.90638783 
   6311.29828750  118729.66666667   26690.33333333      50.63248511    3325.70000000       6.05896830     101.16369154 
   6336.95612130  119482.33333333   27048.66666667      50.58533813    3331.30000000       5.86824290     101.68432674 
   6357.51796700  120235.00000000   27407.00000000      51.14773421    3400.00000000       6.05262610     101.87289677 
   6359.76337010  120019.00000000   27621.00000000      51.71013029    3400.00000000       5.94051580     101.92711847 
   6378.84404420  119803.00000000   27835.00000000      52.27252636    3450.60000000       5.64628040     102.43096219 
   6382.36992070  119587.00000000   28049.00000000      51.94418135    3472.30000000       5.77793770     102.52572001 
   6411.86378700  120134.66666667   28441.33333333      51.61583633    3493.60000000       5.58509040     103.07297096 
   6410.09319930  120682.33333333   28833.66666667      51.28749132    3545.80000000       5.59170060     103.33679958 
   6425.29931610  121230.00000000   29226.00000000      50.85811707    3575.40000000       5.39332580     103.74111704 
   6420.39551110  121776.00000000   29557.66666667      50.42874282    3622.30000000       5.87365850     103.49075627 
   6436.21246030  122322.00000000   29889.33333333      49.99936857    3717.50000000       5.85200520     103.96745086 
   6465.04810310  122868.00000000   30221.00000000      50.53482351    3733.70000000       5.84122230     104.25481428 
   6434.40931620  122875.33333333   30550.00000000      51.07027846    3712.80000000       5.87204320     103.95585091 
   6424.54521590  122882.66666667   30879.00000000      51.60573341    3716.20000000       6.01304080     103.79481445 
   6436.20675760  122890.00000000   31208.00000000      51.51480710    3775.80000000       6.02724630     103.96068273 
   6471.20024380  122662.00000000   31466.00000000      51.42388079    3835.80000000       6.00842170     104.32081902 
   6457.16145060  122434.00000000   31724.00000000      51.33295447    3785.70000000       6.34442880     103.67376597 
   6449.29545420  122206.00000000   31982.00000000      52.40723201    3894.40000000       6.33573130     104.23377267 
   6462.02448290  122559.33333333   32434.66666667      53.48150955    3520.70000000       6.36163060     103.31855610 
   6438.99099620  122912.66666667   32887.33333333      54.55578708    3528.40000000       6.59589100     103.23678253 
   6425.07620730  123266.00000000   33340.00000000      54.13988340    3561.60000000       6.79294720     102.69325051 
   6419.62016930  122885.33333333   33525.33333333      53.72397971    3560.50000000       6.96174000     102.11909919 
   6424.01719510  122504.66666667   33710.66666667      53.30807602    3583.70000000       7.01464070     101.79541603 
   6404.21537020  122124.00000000   33896.00000000      52.62612869    3578.30000000       7.44906510     100.97033109 
   6407.77117910  121755.66666667   34138.00000000      51.94418135    3591.50000000       8.30076000     100.03865627 
   6351.40858390  121387.33333333   34380.00000000      51.26223401    3650.20000000       8.70273310      99.20649649 
   6302.56089950  121019.00000000   34622.00000000      50.76887458    3644.50000000       9.41761790      98.04383097 
   6298.73572350  120488.00000000   34896.66666667      50.27551514    3703.00000000       9.32550360      98.04016338 
   6295.68126980  119957.00000000   35171.33333333      49.78215571    3817.80000000       9.69057170      97.84955248 
   6262.98372810  119426.00000000   35446.00000000      50.31929448    3825.20000000       9.93773340      97.34635428 
   6241.72362650  119793.33333333   35334.33333333      50.85643325    3889.90000000      10.17853480      97.09742363 
   6270.23020610  120160.66666667   35222.66666667      51.39357201    3784.10000000      10.33122800      96.75014632 
   6274.95943090  120528.00000000   35111.00000000      51.52996148    3844.90000000      10.23599010      97.48898757 
   6288.11507860  121038.33333333   36064.66666667      51.66635095    3867.50000000      10.33143450      98.01487591 
   6287.31805940  121548.66666667   37018.33333333      51.80274042    3951.70000000      10.22398180      98.78213903 
   6319.64233320  122059.00000000   37972.00000000      51.76569637    3947.40000000      10.35846790      98.79321196 
   6323.11415410  122959.00000000   37961.00000000      51.72865231    3973.40000000      10.00919560      99.07659169 
   6357.37949410  123859.00000000   37950.00000000      51.69160826    3978.50000000       9.66948650      99.50472397 
   6386.72531450  124759.00000000   37939.00000000      52.31293806    4021.30000000       9.47271670     100.37137359 
   6383.39281640  125493.00000000   38287.00000000      52.93426785    4036.50000000       9.53028630     100.81082387 
   6396.64460590  126227.00000000   38635.00000000      53.55559765    4057.00000000       9.41057710     101.47034077 
   6454.71227580  126961.00000000   38983.00000000      54.07253057    4105.70000000       9.19870460     102.48225449 
   6463.60631370  127651.66666667   39332.66666667      54.58946349    4094.70000000       9.40159960     102.76345093 
   6486.73992970  128342.33333333   39682.33333333      55.10639641    4121.80000000       8.94812310     103.68743790 
   6504.72183160  129033.00000000   40032.00000000      55.55260887    4100.00000000       9.12942090     103.77512223 
   6519.60760590  129513.66666667   40193.00000000      55.99882133    4216.20000000       8.76269540     104.67048042 
   6519.38819900  129994.33333333   40354.00000000      56.44503378    4164.60000000       8.83538240     104.63860437 
   6542.79019870  130475.00000000   40515.00000000      56.64035697    4195.70000000       8.75655450     104.98932359 
   6542.49446130  130649.33333333   40741.33333333      56.83568016    4241.90000000       8.69730960     105.24938198 
   6552.38818610  130823.66666667   40967.66666667      57.03100335    4284.60000000       8.68589860     105.51841160 
   6561.75164290  130998.00000000   41194.00000000      57.35766454    4300.60000000       8.53175380     106.16830069 
   6574.88203920  131867.33333333   41678.33333333      57.68432574    4344.50000000       8.58532900     106.78290628 
   6628.71028150  132736.66666667   42162.66666667      58.01098693    4376.20000000       8.42013610     107.73097551 
   6607.89768930  133606.00000000   42647.00000000      59.40519038    4404.00000000       8.65704260     107.99805059 
   6616.46009610  134404.66666667   42878.66666667      60.79939382    4480.30000000       8.42732110     108.89971457 
   6655.19419240  135203.33333333   43110.33333333      62.19359727    4573.80000000       8.38853280     109.87523427 
   6662.91454310  136002.00000000   43342.00000000      62.91932395    4578.10000000       8.60281540     110.18905835 
   6693.41811760  136784.33333333   43784.66666667      63.64505062    4649.80000000       8.16506910     111.31038338 
   6734.34699120  137566.66666667   44227.33333333      64.37077729    4655.90000000       8.16793040     111.96451898 
   6779.18429490  138349.00000000   44670.00000000      63.73766075    4723.30000000       8.09111470     112.33485291 
   6765.06578970  138582.33333333   45092.00000000      63.10454421    4787.00000000       7.86143830     112.47866220 
   6858.12460300  138815.66666667   45514.00000000      62.47142767    4833.60000000       7.95915470     112.91139535 
   6831.02566390  139049.00000000   45936.00000000      62.15150176    4867.90000000       7.77990050     112.83923791 
   6881.33701160  138944.66666667   46306.00000000      61.83157585    4858.20000000       7.83883470     112.87937454 
   6893.34004270  138840.33333333   46676.00000000      61.51164993    4877.00000000       8.04265060     112.68948908 
   6911.55189250  138736.00000000   47046.00000000      60.28919619    4847.00000000       7.92248540     112.22297946 
   6990.28162100  138578.33333333   47191.00000000      59.06674244    4943.10000000       7.71123160     112.51550510 
   6987.11006440  138420.66666667   47336.00000000      57.84428869    5123.80000000       7.67434740     112.47079593 
   7022.12615060  138263.00000000   47481.00000000      57.97225906    5057.10000000       7.45377500     112.63953287 
   6993.39584000  138746.00000000   47871.00000000      58.10022942    5098.80000000       8.01204380     112.20749142 
   6992.07800610  139229.00000000   48261.00000000      58.22819979    5198.40000000       8.03810930     112.47678308 
   7020.09459110  139712.00000000   48651.00000000      58.26692766    5183.80000000       8.11205390     112.44127946 
   7043.49712160  139945.33333333   48960.00000000      58.30565553    5171.90000000       8.07117720     112.47428105 
   7019.82939360  140178.66666667   49269.00000000      58.34438341    5198.70000000       8.17948210     112.25874529 
   7040.45614670  140412.00000000   49578.00000000      59.27890383    5250.60000000       8.20205220     112.66504710 
   7045.85618810  140632.33333333   49608.66666667      60.21342426    5278.90000000       8.00382700     113.08351663 
   7072.11239550  140852.66666667   49639.33333333      61.14794469    5320.60000000       8.04096890     113.47083607 
   7103.17204380  141073.00000000   49670.00000000      61.48470880    5338.00000000       8.19238150     114.06884487 
   7098.08980410  142517.33333333   50193.00000000      61.82147292    5373.20000000       8.13135510     114.68155047 
   7110.63336910  143961.66666667   50716.00000000      62.15823704    5411.60000000       8.00965360     115.44211190 
   7140.53877860  145406.00000000   51239.00000000      62.42428069    5448.10000000       7.83620240     116.12841410 
   7182.60925000  145961.00000000   51952.66666667      62.69032435    5551.90000000       7.92181510     116.86816430 
   7167.61038430  146516.00000000   52666.33333333      62.95636800    5588.70000000       7.90597820     117.19309789 
   7157.36556800  147071.00000000   53380.00000000      64.92980573    5589.00000000       7.60036170     117.86128625 
   7192.05950790  147552.33333333   53373.66666667      66.90324346    5628.00000000       7.82610570     118.45153064 
   7173.76875360  148033.66666667   53367.33333333      68.87668119    5647.70000000       7.77836420     118.89504806 
   7251.14547440  148515.00000000   53361.00000000      68.68809328    5710.90000000       7.51403050     119.69543795 
   7315.67840050  148649.66666667   53998.66666667      68.49950538    5654.00000000       7.39537300     119.98142055 
   7297.72684130  148784.33333333   54636.33333333      68.31091747    5749.90000000       7.25325910     120.25575361 
   7374.24377800  148919.00000000   55274.00000000      68.41026289    5804.60000000       7.30733610     121.05906219 
   7385.46649280  149859.00000000   55837.00000000      68.50960830    5869.00000000       7.57627510     121.36130118 
   7362.97683850  150799.00000000   56400.00000000      68.60895372    5936.90000000       7.22198430     121.98446216 
   7389.32977950  151739.00000000   56963.00000000      68.61905664    5976.50000000       7.22336100     122.35051539 
   7389.10547320  152267.00000000   57489.66666667      68.62915956    5967.20000000       6.53926280     122.99282030 
   7427.87090110  152795.00000000   58016.33333333      68.63926249    6026.60000000       6.86777970     123.21685384 
   7471.98866920  153323.00000000   58543.00000000      69.60240786    6073.90000000       6.75247370     124.21564271 
   7486.63144270  153624.33333333   59309.00000000      70.56555324    6167.80000000       6.64710770     125.16678224 
   7510.00690210  153925.66666667   60075.00000000      71.52869862    6210.70000000       6.40827930     126.14039105 
   7536.70396730  154227.00000000   60841.00000000      71.24918440    6308.60000000       6.63300680     126.55225835 
   7573.00999960  154719.66666667   61576.66666667      70.96967018    6455.60000000       6.52942690     127.41239438 
   7624.48577710  155212.33333333   62312.33333333      70.69015596    6336.50000000       6.43832490     127.65624623 
   7621.08801230  155705.00000000   63048.00000000      71.43440466    6433.70000000       6.07147510     128.65111005 
   7670.73073620  156709.00000000   63633.33333333      72.17865336    6479.00000000       6.01226420     129.54778494 
   7728.42347430  157713.00000000   64218.66666667      72.92290206    6478.60000000       6.03253940     130.30252258 
   7723.88228510  158717.00000000   64804.00000000      73.34554103    6592.00000000       5.88006390     130.91156542 
   7746.36793300  158839.66666667   65495.33333333      73.76818000    6636.60000000       5.86615470     131.37368477 
   7794.30416060  158962.33333333   66186.66666667      74.19081897    6632.50000000       5.74371090     131.94658096 
   7802.56209630  159085.00000000   66878.00000000      74.11673086    6757.20000000       5.81779640     132.43568783 
   7813.92033820  159457.66666667   67539.66666667      74.04264276    6727.70000000       5.71910320     132.69637562 
   7868.37796240  159830.33333333   68201.33333333      73.96855465    6795.60000000       5.62015110     133.44806881 
   7844.16706380  160203.00000000   68863.00000000      75.39138305    6880.70000000       5.62737730     133.99500232 
   7857.46826200  160416.00000000   69197.66666667      76.81421145    6840.90000000       5.81421160     134.27103570 
   7864.09136120  160629.00000000   69532.33333333      78.23703984    6852.80000000       6.22313510     134.43757761 
   7872.71782960  160842.00000000   69867.00000000      78.53507609    6895.50000000       5.92295620     134.71005342 
   7891.55180390  160886.33333333   70066.33333333      78.83311233    6933.70000000       6.00633700     134.68879028 
   7915.55371830  160930.66666667   70265.66666667      79.13114858    6951.00000000       6.24501050     134.50561748 
   7915.36101110  160975.00000000   70465.00000000      79.08063396    7022.60000000       6.45788440     134.49319371 
   7926.66776270  160885.33333333   71019.66666667      79.03011934    6975.90000000       6.69409650     134.22911651 
   7888.73141700  160795.66666667   71574.33333333      78.97960472    7017.80000000       6.97157660     133.87387710 
   7863.21804260  160706.00000000   72129.00000000      79.40561133    6970.20000000       7.16350750     132.98387406 
   7855.32216880  160243.33333333   71968.33333333      79.83161794    6955.20000000       7.34317220     132.28597092 
   7842.17091990  159780.66666667   71807.66666667      80.25762455    7007.10000000       7.71666230     131.55701902 
   7831.28228800  159318.00000000   71647.00000000      79.69522847    7017.20000000       7.72611970     131.18778437 
   7764.48646490  158981.33333333   71661.33333333      79.13283240    7087.50000000       8.08152270     130.35636556 
   7784.53902610  158644.66666667   71675.66666667      78.57043632    7138.80000000       8.33136760     130.05032595 
   7723.93637540  158308.00000000   71690.00000000      79.19176612    7117.00000000       8.87545580     129.15426610 
   7737.09848320  157830.00000000   71575.33333333      79.81309591    7111.50000000       9.43595740     128.69098448 
   7710.59236860  157352.00000000   71460.66666667      80.43442571    7113.40000000       9.22547520     128.67650716 
   7696.30548850  156874.00000000   71346.00000000      80.72741049    7104.10000000       9.01932740     128.96856784 
   7587.32236560  157409.33333333   71765.66666667      81.02039528    7422.30000000       9.61091270     128.81241556 
   7712.00226120  157944.66666667   72185.33333333      81.31338006    7394.90000000       9.44180240     129.80883818 
   7679.35830110  158480.00000000   72605.00000000      81.63667361    7330.00000000       9.78760030     129.19233016 
   7645.00202310  158575.33333333   72704.33333333      81.95996717    7484.90000000       9.77315280     129.37127666 
   7651.68255960  158670.66666667   72803.66666667      82.28326072    7435.80000000       9.90094560     129.19627082 
   7662.23852700  158766.00000000   72903.00000000      81.89093052    7406.40000000      10.11969940     129.14729913 
   7661.95593110  158939.33333333   73434.00000000      81.49860032    7459.60000000      10.03675110     129.47843041 
   7683.97335120  159112.66666667   73965.00000000      81.10627013    7484.90000000      10.17602100     129.68009777 
   7667.42649770  159286.00000000   74496.00000000      80.93452043    7590.40000000      10.16713420     129.86913555 
   7651.33399990  159998.00000000   74501.33333333      80.76277073    7697.60000000      10.30081950     129.93855925 
   7642.29163620  160710.00000000   74506.66666667      80.59102103    7667.90000000      10.45051110     129.73079004 
   7655.41991430  161422.00000000   74512.00000000      80.80655006    7597.70000000      10.68854230     129.70623208 
   7687.47701430  161798.00000000   75023.33333333      81.02207910    7610.60000000      10.78931040     130.08731195 
   7697.78559460  162174.00000000   75534.66666667      81.23760813    7540.70000000      10.54262130     130.45831185 
   7651.65171600  162550.00000000   76046.00000000      81.11805687    7646.90000000      10.44724670     130.60977379 
   7666.48966590  163250.66666667   76207.00000000      80.99850561    7724.20000000      10.72481760     130.71761942 
   7622.84946700  163951.33333333   76368.00000000      80.87895435    7736.30000000      10.69526970     130.61354734 
   7617.79129210  164652.00000000   76529.00000000      80.99682179    7634.10000000      10.91255520     130.21500426 
   7671.49626860  164962.33333333   76678.33333333      81.11468923    7765.40000000      10.63816770     131.08479462 
   7613.51612330  165272.66666667   76827.66666667      81.23255667    7751.60000000      10.78277260     130.64360840 
   7669.65720720  165583.00000000   76977.00000000      81.69223969    7787.50000000      10.62314220     131.56998079 
   7664.67172480  166493.66666667   77352.00000000      82.15192271    7799.80000000      10.46502330     132.09740050 
   7659.54836840  167404.33333333   77727.00000000      82.61160573    7870.80000000      10.62223750     132.47871533 
   7688.77357610  168315.00000000   78102.00000000      82.47690009    7872.10000000      10.72524020     132.40525370 
   7682.51216610  168068.33333333   78165.33333333      82.34219444    7817.00000000      10.53636070     132.25936016 
   7700.90346720  167821.66666667   78228.66666667      82.20748879    7827.30000000      10.75977710     132.03941264 
   7731.03858400  167575.00000000   78292.00000000      82.00374650    7935.80000000      10.51350580     132.87778821 
   7764.73544640  168230.00000000   78784.66666667      81.80000421    7989.40000000      10.69364980     133.24407743 
   7792.03733150  168885.00000000   79277.33333333      81.59626192    8133.20000000      10.58237180     134.02191572 
   7807.26188760  169540.00000000   79770.00000000      83.06960493    8149.50000000      10.29787790     135.51290145 
   7823.68004150  170936.33333333   80460.66666667      84.54294795    8094.70000000      10.15910270     136.72589114 
   7833.49813420  172332.66666667   81151.33333333      86.01629096    8273.00000000      10.08578560     138.34954493 
   7847.90567300  173729.00000000   81842.00000000      86.25539349    8297.40000000      10.05450210     138.85797822 
   7848.47746940  174561.00000000   82305.33333333      86.49449601    8231.00000000       9.83112900     139.26233848 
   7896.90040700  175393.00000000   82768.66666667      86.73359854    8321.50000000       9.56586200     140.33142585 
   7902.79542100  176225.00000000   83232.00000000      87.35156069    8369.50000000       9.68506300     140.59864777 
   7980.21481700  177161.66666667   83062.00000000      87.96952285    8368.00000000       9.34726320     141.59870801 
   7969.51672110  178098.33333333   82892.00000000      88.58748500    8577.10000000       9.21590630     142.34792330 
   8036.48461260  179035.00000000   82722.00000000      88.79122729    8602.90000000       9.05739770     143.20224310 
   8038.21390490  179220.33333333   83196.00000000      88.99496959    8634.70000000       8.70275860     143.87059045 
   8050.50908780  179405.66666667   83670.00000000      89.19871188    8585.60000000       8.81588970     143.98463856 
   8077.55123580  179591.00000000   84144.00000000      89.34857191    8592.70000000       8.75711980     144.44436162 
   8105.16797260  179967.33333333   84639.00000000      89.49843194    8685.60000000       8.64565410     145.14486878 
   8172.22826220  180343.66666667   85134.00000000      89.64829197    8790.10000000       8.57765160     146.06216194 
   8176.17992710  180720.00000000   85629.00000000      89.64997580    8838.80000000       8.39953000     146.38386960 
   8234.48197870  181429.00000000   85771.00000000      89.65165962    8975.60000000       8.07769490     147.35432390 
   8248.47413510  182138.00000000   85913.00000000      89.65334344    9014.80000000       8.25115980     147.37439698 
   8280.13843410  182847.00000000   86055.00000000      90.66026815    9124.30000000       8.07276380     148.64109372 
   8283.28588120  183748.00000000   87046.00000000      91.66719286    9123.00000000       8.04303270     149.35841373 
   8310.80306720  184649.00000000   88037.00000000      92.67411757    9214.10000000       8.02736390     150.40217733 
   8288.05281630  185550.00000000   89028.00000000      93.01593315    9243.00000000       8.12835920     150.35317649 
   8277.17347040  185354.66666667   89513.66666667      93.35774873    9271.20000000       8.25154550     150.35084968 
   8351.44310760  185159.33333333   89999.33333333      93.69956431    9299.30000000       8.26186830     150.96940981 
   8352.66017940  184964.00000000   90485.00000000      94.62229799    9411.70000000       7.87101110     152.16514394 
   8349.70035340  186065.66666667   90779.33333333      95.54503168    9382.80000000       8.18319590     152.33582916 
   8349.19102180  187167.33333333   91073.66666667      96.46776536    9381.10000000       8.11145990     152.95958620 
   8329.16451750  188269.00000000   91368.00000000      96.95102187    9382.70000000       8.15850100     153.08005705 
   8360.90045070  188704.00000000   91786.66666667      97.43427838    9456.10000000       8.28706320     153.58416694 
   8361.70501500  189139.00000000   92205.33333333      97.91753489    9449.50000000       8.11446580     154.03453847 
   8359.69445670  189574.00000000   92624.00000000      97.68348382    9559.00000000       8.03487370     154.44878051 
   8364.31500660  190313.00000000   92731.00000000      97.44943276    9575.50000000       8.20646180     154.45198955 
   8416.56454460  191052.00000000   92838.00000000      97.21538170    9525.90000000       8.31321300     154.67116406 
   8366.41937630  191791.00000000   92945.00000000      96.81800004    9472.50000000       8.34752020     154.18889718 
   8393.01193940  191926.00000000   93440.00000000      96.42061838    9485.10000000       8.42948100     154.26429931 
   8396.54213670  192061.00000000   93935.00000000      96.02323672    9518.90000000       8.18093300     154.57822941 
   8402.58018610  192196.00000000   94430.00000000      95.68815643    9566.70000000       8.40799930     154.52851616 
   8409.98783830  192543.00000000   94751.33333333      95.35307613    9638.30000000       8.39124180     154.78309338 
   8418.29571770  192890.00000000   95072.66666667      95.01799583    9801.30000000       8.49520130     155.10776066 
   8415.76451120  193237.00000000   95394.00000000      95.86495759    9795.30000000       8.39220090     156.13775502 
   8420.71212240  195357.33333333   95940.00000000      96.71191934    9602.30000000       8.34750090     156.75833473 
   8417.73090470  197477.66666667   96486.00000000      97.55888110    9825.60000000       8.32323150     158.18182541 
   8418.05633410  199598.00000000   97032.00000000      97.90574814    9796.40000000       8.20822280     158.50244007 
   8436.95765000  199619.66666667   97513.66666667      98.25261518    9875.90000000       8.31584460     158.93470042 
   8406.38431270  199641.33333333   97995.33333333      98.59948223    9903.50000000       8.31178350     159.06510669 
   8461.80858190  199663.00000000   98477.00000000      99.35046621    9961.70000000       8.12610730     160.16157442 
   8463.13169900  200342.33333333   98861.33333333     100.10145019    9982.50000000       8.05992400     160.71656322 
   8527.35019010  201021.66666667   99245.66666667     100.85243417   10065.20000000       8.05886840     161.72686469 
   8516.30943640  201701.00000000   99630.00000000     100.50388331   10068.10000000       7.94715130     161.84796280 
   8510.98070570  202528.33333333   99640.00000000     100.15533245   10128.90000000       7.99184910     161.95823149 
   8531.17775380  203355.66666667   99650.00000000      99.80678159   10075.60000000       7.83116620     162.20848044 
   8556.13141190  204183.00000000   99660.00000000     100.11828840   10053.50000000       7.86225200     162.49452616 
   8591.82828810  205017.00000000   99632.66666667     100.42979521   10123.90000000       7.60842250     163.34621758 
   8598.68921060  205851.00000000   99605.33333333     100.74130201   10176.20000000       7.69553660     163.61320556 
   8619.49383970  206685.00000000   99578.00000000     101.28349224   10189.00000000       7.86357770     164.35725891 
   8624.94379190  207945.66666667  100481.33333333     101.82568247   10317.80000000       7.96210760     165.31971479 
   8639.99630050  209206.33333333  101384.66666667     102.36787270   10323.80000000       7.76876350     166.40301082 
   8681.12799910  210467.00000000  102288.00000000     101.58489613   10377.80000000       7.67005160     166.63099107 
   8700.86409780  211101.00000000  101938.00000000     100.80191956   10473.50000000       7.33178770     167.06801082 
   8660.84865280  211735.00000000  101588.00000000     100.01894298   10438.00000000       7.74837220     166.02521845 
   8688.66462120  212369.00000000  101238.00000000     100.53755972   10369.40000000       7.32654890     166.96185157 
   8680.95264620  212906.66666667  101709.33333333     101.05617646   10765.60000000       7.31936550     168.17994873 
   8690.24272140  213444.33333333  102180.66666667     101.57479321   10717.00000000       7.25278780     168.65727988 
   8717.64217010  213982.00000000  102652.00000000     100.86253710   10794.80000000       7.05122470     169.34567380 
   8708.38835160  214681.00000000  103345.66666667     100.15028099   10875.90000000       7.09469960     169.52985074 
   8714.03114480  215380.00000000  104039.33333333      99.43802488   10894.70000000       7.03846920     169.79103555 
   8761.36868900  216079.00000000  104733.00000000     100.29845720   10903.20000000       6.72068260     170.97078929 
   8753.56613540  216637.00000000  105346.00000000     101.15888952   10890.80000000       6.77567670     171.33433761 
   8776.09220560  217195.00000000  105959.00000000     102.01932184   11100.30000000       6.87738940     172.29097396 
   8790.73166850  217753.00000000  106572.00000000     102.16581423   11190.50000000       6.99149520     172.88266182 
   8834.46097670  218642.33333333  107301.33333333     102.31230662   11164.50000000       6.76115210     173.82093092 
   8843.83739680  219531.66666667  108030.66666667     102.45879901   11248.30000000       6.47401630     174.82463137 
   8869.98212310  220421.00000000  108760.00000000     103.36637831   11206.20000000       6.70120130     175.21439703 
   8852.35728390  221245.33333333  109411.00000000     104.27395761   11136.80000000       6.49675170     175.75581374 
   8892.74095240  222069.66666667  110062.00000000     105.18153691   11117.30000000       6.40453340     176.64931362 
   8917.11125960  222894.00000000  110713.00000000     106.39725537   11149.70000000       6.57683910     176.71544443 
   8952.74682490  223743.33333333  109739.66666667     107.61297384   11163.90000000       6.46295780     177.13988976 
   8964.84073450  224592.66666667  108766.33333333     108.82869230   11329.30000000       6.40597170     177.64450120 
   8982.02260810  225442.00000000  107793.00000000     109.23280924   12242.10000000       6.19336100     180.46571200 
   9063.90296260  225410.00000000  110818.00000000     109.63692619   10939.70000000       6.06060660     179.18161322 
   9073.81534000  225378.00000000  113843.00000000     110.04104313   11517.60000000       6.09617540     181.04264972 
   9060.88058040  225346.00000000  116868.00000000     110.27004273   11740.00000000       5.98244290     181.02209433 
   9055.70388070  224664.00000000  116018.33333333     110.49904233   11625.60000000       5.98879550     180.22743013 
   9015.76071930  223982.00000000  115168.66666667     110.72804193   11630.40000000       6.29585080     179.08802548 
   9046.26529510  223300.00000000  114319.00000000     111.18940877   11780.10000000       6.27638360     179.91118567 
   9046.70619970  224328.66666667  114740.33333333     111.65077561   11894.60000000       6.24821860     180.47532322 
   9031.11417840  225357.33333333  115161.66666667     112.11214245   12095.70000000       6.59304200     180.65805442 
   9037.95364970  226386.00000000  115583.00000000     112.09362042   12169.30000000       6.51194120     181.60415114 
   9093.13577840  227135.33333333  117666.66666667     112.07509840   12254.10000000       6.78297800     182.46726212 
   9084.33944780  227884.66666667  119750.33333333     112.05657637   12284.40000000       6.84237070     183.04657764 
   9081.83547660  228634.00000000  121834.00000000     111.41672455   12359.60000000       6.91465190     183.04708245 
   9093.34592300  229342.66666667  121794.66666667     110.77687272   12433.60000000       6.90755470     183.23155510 
   9122.19927080  230051.33333333  121755.33333333     110.13702090   12436.20000000       6.87924390     183.41808858 
   9098.40537480  230760.00000000  121716.00000000     110.57481425   12467.50000000       6.84137660     183.84384144 
   9118.92541890  231342.33333333  123023.66666667     111.01260761   12628.60000000       7.13128580     184.41539692 
   9138.83549260  231924.66666667  124331.33333333     111.45040096   12708.30000000       6.89135610     185.46821449 
   9139.38657160  232507.00000000  125639.00000000     111.98922355   12847.10000000       6.81427240     186.26632049 
   9154.96122390  233335.33333333  126211.00000000     112.52804614   13015.70000000       6.96076970     186.94618900 
   9203.71883090  234163.66666667  126783.00000000     113.06686873   12975.90000000       6.56577800     188.12550571 
   9214.64476630  234992.00000000  127355.00000000     112.99109680   13095.90000000       6.39072790     188.48501950 
   9212.05117080  236711.33333333  126118.00000000     112.91532487   13143.60000000       6.33379020     188.46170495 
   9223.94314180  238430.66666667  124881.00000000     112.83955295   13383.40000000       6.33197370     188.81301359 
   9251.81400690  240150.00000000  123644.00000000     112.75704574   13254.50000000       6.45462340     188.91350090 
   9256.16482060  240838.33333333  124583.66666667     112.67453853   13354.60000000       6.16124630     189.79373167 
   9305.90755080  241526.66666667  125523.33333333     112.59203132   13470.90000000       6.34944440     190.41102261 
   9306.41401910  242215.00000000  126463.00000000     112.86649408   13543.40000000       6.33304610     190.81277618 
   9315.36790480  242551.66666667  127297.00000000     113.14095683   13474.50000000       6.10926940     191.27217603 
   9378.11825020  242888.33333333  128131.00000000     113.41541959   13763.00000000       6.18940420     192.37034793 
   9415.92740240  243225.00000000  128965.00000000     113.73029404   13719.80000000       6.16327240     192.77245410 
   9458.64085260  243568.66666667  129655.66666667     114.04516849   13742.00000000       6.13948940     193.32382797 
   9490.35405040  243912.33333333  130346.33333333     114.36004294   13749.40000000       5.99890710     193.92237138 
   9446.64310350  244256.00000000  131037.00000000     114.23038875   13826.50000000       6.13863490     194.11187433 
   9454.18632180  245532.66666667  131591.33333333     114.10073457   14004.30000000       6.03284350     195.14314622 
   9468.61537860  246809.33333333  132145.66666667     113.97108038   14098.90000000       6.06639940     195.89111774 
   9444.62676590  248086.00000000  132700.00000000     113.68314706   14057.30000000       6.06597680     195.67798879 
   9440.26955950  248806.66666667  132652.33333333     113.39521374   14299.60000000       6.11038420     196.05117087 
   9489.83272050  249527.33333333  132604.66666667     113.10728042   14416.80000000       5.82662030     196.99045554 
   9500.83192750  250248.00000000  132557.00000000     112.69642820   14565.20000000       5.80273700     197.47298067 
   9525.11933750  250653.66666667  133314.66666667     112.28557597   14738.60000000       5.80129800     198.05850668 
   9537.12134590  251059.33333333  134072.33333333     111.87472375   14911.10000000       5.67894500     198.71193596 
   9557.00929160  251465.00000000  134830.00000000     112.26200248   14887.30000000       5.68564350     199.37602399 
   9549.69921480  252205.00000000  136050.33333333     112.64928122   15034.90000000       5.53648390     200.35340684 
   9564.87728740  252945.00000000  137270.66666667     113.03655995   15027.80000000       5.65796810     200.86134232 
   9602.82304360  253685.00000000  138491.00000000     112.68295763   15134.20000000       5.42318180     202.26258863 
   9620.42021090  254675.00000000  140301.00000000     112.32935531   15135.90000000       5.47543830     202.95633810 
   9637.88377530  255665.00000000  142111.00000000     111.97575298   15206.00000000       5.32265350     204.03744184 
   9635.06677310  256655.00000000  143921.00000000     112.10709099   15343.40000000       5.46940190     203.93106283 
   9648.89272370  256881.33333333  143464.33333333     112.23842900   15364.70000000       5.52531940     203.85996783 
   9636.96722060  257107.66666667  143007.66666667     112.36976700   15360.50000000       5.52794520     203.63519807 
   9701.92941930  257334.00000000  142551.00000000     112.51962703   15594.90000000       5.39357160     204.70717116 
   9753.69058860  257619.33333333  142977.33333333     112.66948707   15460.20000000       5.14745850     205.20449930 
   9778.31017560  257904.66666667  143403.66666667     112.81934710   15449.00000000       5.20089210     205.32125202 
   9801.52121480  258190.00000000  143830.00000000     114.31457978   15427.60000000       5.08267190     206.68549903 
   9852.80268460  259229.66666667  144960.00000000     115.80981246   15441.40000000       5.07301850     208.15823005 
   9887.03839960  260269.33333333  146090.00000000     117.30504515   15586.00000000       5.08905930     209.70463452 
   9932.30720570  261309.00000000  147220.00000000     118.77838816   15559.90000000       5.18336630     210.55714859 
   9978.03578630  262045.00000000  147873.00000000     120.25173118   15373.10000000       5.10400830     211.36356388 
   9965.77809440  262781.00000000  148526.00000000     121.72507419   15578.20000000       5.12026540     212.32363696 
  10005.49365020  263517.00000000  149179.00000000     120.81581108   15705.00000000       4.96021810     213.09140099 
  10023.14580610  264123.66666667  150449.66666667     119.90654796   15709.80000000       4.97113500     213.24569441 
  10061.73022560  264730.33333333  151720.33333333     118.99728484   15833.60000000       4.90374050     213.86246272 
  10052.24760420  265337.00000000  152991.00000000     119.36604155   15812.70000000       5.02649630     213.76797926 
  10051.89445800  265655.33333333  153501.33333333     119.73479826   15800.60000000       5.08847550     213.83800986 
  10086.20513110  265973.66666667  154011.66666667     120.10355497   15869.90000000       4.96585890     214.55424537 
  10082.02397340  266292.00000000  154522.00000000     118.92488055   15927.80000000       5.07316550     214.36954171 
  10087.58529830  267121.00000000  155332.00000000     117.74620614   16049.10000000       5.14022500     214.41537850 
  10121.25199410  267950.00000000  156142.00000000     116.56753173   16178.50000000       5.09126990     214.82973026 
  10164.00200280  268779.00000000  156952.00000000     116.90429585   16237.10000000       4.85247280     215.88576891 
  10174.88770560  269816.00000000  158203.33333333     117.24105997   16455.70000000       4.93548210     216.53875152 
  10212.65350400  270853.00000000  159454.66666667     117.57782408   16509.40000000       4.78869880     217.42497230 
  10246.14121290  271890.00000000  160706.00000000     119.50074720   16638.00000000       4.80010790     218.68532070 
  10295.48528910  272064.66666667  162222.66666667     121.42367031   16686.90000000       4.67463980     220.11293234 
  10311.35366760  272239.33333333  163739.33333333     123.34659342   16728.20000000       4.72186360     221.03609882 
  10358.88749240  272414.00000000  165256.00000000     123.89383511   16862.40000000       4.69916700     222.59287006 
  10328.90272190  273598.66666667  167014.33333333     124.44107680   16997.70000000       4.53275890     223.81107491 
  10353.55557010  274783.33333333  168772.66666667     124.98831849   16988.20000000       4.58055420     224.85727043 
  10406.99946640  275968.00000000  170531.00000000     125.41937657   17032.20000000       4.59794580     226.24134339 
  10418.11012750  278099.33333333  171507.66666667     125.85043464   17269.00000000       4.51956960     227.79632090 
  10431.36214460  280230.66666667  172484.33333333     126.28149271   17414.70000000       4.59332320     228.98223626 
  10456.83556800  282362.00000000  173461.00000000     126.26128686   17637.70000000       4.43143940     230.20009522 
  10485.14828720  284085.00000000  174612.33333333     126.24108101   17569.60000000       4.34359390     230.83189699 
  10525.10667990  285808.00000000  175763.66666667     126.22087517   17484.30000000       4.24063480     231.54050261 
  10533.65079840  287531.00000000  176915.00000000     125.34528846   17823.60000000       4.29519480     231.80694640 
  10545.92612690  287641.66666667  177105.66666667     124.46970175   17973.60000000       4.28482910     231.87084753 
  10575.29341380  287752.33333333  177296.33333333     123.59411505   18078.30000000       4.31412630     231.91878252 
  10607.89002370  287863.00000000  177487.00000000     123.94771737   18293.50000000       4.23218450     232.74480878 
  10604.65061940  288082.66666667  178232.33333333     124.30131969   18317.10000000       4.38852150     232.62901629 
  10645.30609530  288302.33333333  178977.66666667     124.65492202   18419.30000000       4.50493120     233.02153299 
  10660.60603630  288522.00000000  179723.00000000     125.44295005   18431.90000000       4.31605460     233.78352849 
  10700.14780440  289003.00000000  180619.33333333     126.23097809   18442.10000000       4.16779960     234.65579387 
  10733.49619270  289484.00000000  181515.66666667     127.01900612   18401.60000000       3.94138180     235.52042779 
  10742.56851620  289965.00000000  182412.00000000     128.40815811   18488.60000000       4.02898340     236.33000116 
  10780.25002450  290885.66666667  183799.66666667     129.79731010   18449.40000000       4.22723750     236.96212370 
  10747.63289130  291806.33333333  185187.33333333     131.18646208   18516.60000000       4.23926330     237.54542159 
  10784.19966230  292727.00000000  186575.00000000     130.49609564   18330.20000000       4.22075380     236.85805444 
  10791.37598820  292770.66666667  186152.66666667     129.80572920   18676.70000000       4.29052840     236.70502004 
  10804.39444270  292814.33333333  185730.33333333     129.11536276   18685.70000000       4.07196080     236.47752484 
  10798.62746820  292858.00000000  185308.00000000     129.27869336   18599.50000000       4.33045960     237.08899732 
  10820.95978260  291983.33333333  190633.33333333     129.44202395   18720.60000000       4.38302770     238.54188697 
  10800.55714030  291108.66666667  195958.66666667     129.60535455   18717.00000000       4.52193230     239.31706205 
  10793.77660630  290234.00000000  201284.00000000     129.11031130   19483.60000000       4.60549600     240.01489182 
  10800.62326690  290860.00000000  200557.66666667     128.61526804   19570.00000000       4.87474270     239.40571982 
  10803.83319670  291486.00000000  199831.33333333     128.12022479   19127.60000000       5.29509270     237.68782866 
  10765.43491700  292112.00000000  199105.00000000     127.55782871   19633.10000000       5.68974250     238.07683200 
  10793.76361300  292916.33333333  201360.66666667     126.99543264   19750.00000000       5.46528860     239.29385923 
  10783.00931810  293720.66666667  203616.33333333     126.43303656   19926.00000000       5.73335180     239.53879215 
  10758.71358660  294525.00000000  205872.00000000     127.22443224   19793.00000000       5.78153710     239.00644825 
  10792.93925640  294579.00000000  205245.33333333     128.01582791   19636.80000000       5.79039300     238.92436317 
  10770.21090310  294633.00000000  204618.66666667     128.80722359   19740.60000000       5.77833020     238.86412971 
  10811.07261090  294687.00000000  203992.00000000     129.09538139   19732.30000000       5.72291510     238.96571936 