          0.17700000          0.32500000          0.47700000          0.57700000
          0.65300000          1.82500000
          0.16000000          0.32200000          0.48500000          0.58300000
          0.65500000          1.82400000
          0.18700000          0.32600000          0.47300000          0.57100000
          0.64700000          1.81700000
          0.13100000          0.31800000          0.50800000          0.61000000
          0.67800000          1.80400000
          0.07900000          0.30200000          0.52100000          0.63700000
          0.71400000          1.81500000
          0.00200000          0.28800000          0.57000000          0.69800000
          0.77100000          1.80500000
          0.07600000          0.32800000          0.56600000          0.68300000
          0.75800000          1.84800000
          0.06000000          0.37800000          0.67300000          0.80000000
          0.87000000          1.83000000
          0.16400000          0.52800000          0.86300000          0.97500000
          1.01800000          1.80800000
          0.51900000          0.74200000          0.94900000          1.02300000
          1.05600000          1.84900000
          0.44700000          0.73200000          0.99900000          1.09900000
          1.14500000          1.95200000
          0.59500000          0.81400000          1.02400000          1.11300000
          1.16000000          2.05500000
          0.92700000          0.90400000          0.91400000          0.97500000
          1.04100000          2.18300000
          1.03800000          0.95900000          0.91300000          0.95700000
          1.01900000          2.18500000
          1.01900000          0.96800000          0.94600000          0.99100000
          1.04900000          2.17200000
          1.00000000          0.97800000          0.98100000          1.03000000
          1.08300000          2.16700000
          0.98300000          0.98400000          1.00500000          1.05400000
          1.10400000          2.16500000
          0.96700000          0.98700000          1.01800000          1.05400000
          1.08700000          2.07900000
          0.95000000          0.97500000          1.01600000          1.06500000
          1.11000000          2.17800000
          1.02400000          0.99200000          0.99000000          1.04300000
          1.10300000          2.18600000
          1.13000000          1.06300000          1.03500000          1.08600000
          1.14900000          2.20000000
          1.08800000          1.08200000          1.10200000          1.16100000
          1.22200000          2.19500000
          1.10800000          1.08400000          1.09300000          1.15600000
          1.22400000          2.21900000
          1.10500000          1.10100000          1.12000000          1.17400000
          1.22800000          2.20400000
          1.06400000          1.11000000          1.16400000          1.20700000
          1.24300000          2.18100000
          1.08600000          1.12600000          1.16900000          1.19900000
          1.22400000          2.14300000
          1.16100000          1.13900000          1.13500000          1.16300000
          1.19700000          2.12700000
          1.03100000          1.11400000          1.18900000          1.22100000
          1.24100000          2.09700000
          1.10000000          1.12300000          1.15100000          1.17800000
          1.20300000          2.09900000
          0.99800000          1.09200000          1.17800000          1.21100000
          1.22800000          2.08900000
          0.80500000          1.01600000          1.17600000          1.19900000
          1.19100000          2.00200000
          0.79500000          0.96000000          1.08400000          1.10200000
          1.09700000          1.97900000
          0.86400000          0.98200000          1.07700000          1.09600000
          1.09700000          1.90700000
          0.87800000          1.01000000          1.10400000          1.11200000
          1.10300000          1.92000000
          0.82400000          0.98500000          1.09900000          1.11500000
          1.11100000          1.91700000
          0.81800000          1.01100000          1.15600000          1.17400000
          1.16400000          1.91300000
          0.92900000          1.03500000          1.11100000          1.12200000
          1.12100000          1.86900000
          0.97300000          1.07200000          1.15000000          1.15800000
          1.15200000          1.96300000
          0.99500000          1.10000000          1.18400000          1.18900000
          1.17800000          1.99300000
          0.88700000          1.08400000          1.22900000          1.24200000
          1.22700000          2.02300000
          0.92400000          1.11200000          1.25300000          1.27200000
          1.26400000          2.05300000
          0.93100000          1.13600000          1.29200000          1.30400000
          1.28500000          2.07200000
          0.90300000          1.12900000          1.28900000          1.30800000
          1.29900000          2.09800000
          0.85600000          1.15800000          1.36000000          1.36300000
          1.32800000          2.11100000
          1.00100000          1.24600000          1.41500000          1.41800000
          1.39100000          2.11600000
          1.09600000          1.29100000          1.43200000          1.44700000
          1.43700000          2.15500000
          0.82700000          1.18400000          1.44500000          1.50400000
          1.51600000          2.19300000
          1.07400000          1.30700000          1.47500000          1.49900000
          1.49400000          2.22200000
          0.79000000          1.25000000          1.57400000          1.60600000
          1.57800000          2.22600000
          0.79800000          1.20900000          1.53700000          1.59600000
          1.58900000          2.18300000
          0.77900000          1.21000000          1.54600000          1.58900000
          1.56800000          2.24600000
          1.23900000          1.43900000          1.60900000          1.68300000
          1.72700000          2.30800000
          0.93300000          1.32900000          1.63400000          1.72200000
          1.75300000          2.40100000
          0.96500000          1.34400000          1.64500000          1.74100000
          1.78100000          2.55800000
          0.89800000          1.38200000          1.73300000          1.80500000
          1.81200000          2.50700000
          1.29400000          1.49100000          1.65400000          1.69000000
          1.69700000          2.39600000
          1.32100000          1.53800000          1.68200000          1.69700000
          1.68900000          2.35200000
          1.49400000          1.59600000          1.69000000          1.74600000
          1.78500000          2.43200000
          0.81400000          1.25800000          1.64700000          1.76200000
          1.80100000          2.50800000
          1.05300000          1.38800000          1.65900000          1.73400000
          1.76100000          2.53400000
          1.54800000          1.69600000          1.83500000          1.89100000
          1.92000000          2.53800000
          0.94200000          1.33200000          1.62000000          1.71500000
          1.75800000          2.49200000
          0.90500000          1.34200000          1.64800000          1.75400000
          1.80800000          2.63700000
          1.10300000          1.37400000          1.59000000          1.67800000
          1.72900000          2.52000000
          1.39000000          1.57900000          1.72300000          1.77200000
          1.79500000          2.43500000
          1.42600000          1.64200000          1.79200000          1.84300000
          1.86700000          2.39400000
          1.65200000          1.74700000          1.83300000          1.88200000
          1.91800000          2.42400000
          1.71500000          1.80200000          1.88700000          1.93900000
          1.97800000          2.47400000
          1.46300000          1.71200000          1.91200000          1.99600000
          2.04600000          2.56100000
          1.06200000          1.45900000          1.80800000          1.93700000
          1.99800000          2.70300000
          1.32100000          1.58900000          1.82200000          1.91600000
          1.96700000          2.54200000
          1.54600000          1.78100000          1.98900000          2.06800000
          2.10600000          2.52200000
          1.81900000          1.94100000          2.05500000          2.10700000
          2.13800000          2.55900000
          1.62500000          1.81900000          1.97100000          2.03100000
          2.06500000          2.65700000
          1.85700000          2.01900000          2.14500000          2.18500000
          2.20300000          2.73000000
          1.94800000          1.98700000          2.03300000          2.07100000
          2.10200000          2.75900000
          1.77700000          2.06200000          2.30100000          2.38700000
          2.42900000          3.00300000
          1.42800000          1.93500000          2.35200000          2.50400000
          2.57800000          3.30700000
          1.18000000          1.60600000          2.03500000          2.20300000
          2.28000000          3.00800000
          1.72100000          1.93600000          2.12300000          2.20800000
          2.26200000          2.99000000
          1.62200000          1.79000000          1.95100000          2.05700000
          2.13700000          3.09100000
          0.85800000          1.22000000          1.59200000          1.76700000
          1.86700000          2.64800000
          0.64800000          0.97500000          1.31300000          1.49000000
          1.60300000          2.70600000
          1.36500000          1.43900000          1.53400000          1.61800000
          1.68900000          2.75300000
          1.09400000          1.24800000          1.41600000          1.52300000
          1.59900000          2.48300000
          1.04900000          0.95800000          0.92500000          1.00300000
          1.09800000          2.49000000
          0.84400000          0.88700000          0.94500000          1.00600000
          1.06300000          2.46800000
          0.99100000          0.98500000          0.99600000          1.03900000
          1.08700000          2.42200000
          0.62100000          0.67300000          0.74600000          0.83300000
          0.91200000          2.34100000
          0.51400000          0.60300000          0.69400000          0.78600000
          0.87200000          2.51200000
          0.66800000          0.62000000          0.61500000          0.68500000
          0.76600000          2.43100000
          0.63700000          0.67900000          0.73100000          0.78600000
          0.84000000          2.39000000
          1.29700000          1.10700000          0.96000000          0.95700000
          0.99200000          2.45900000
          0.89900000          0.90300000          0.94500000          1.03100000
          1.11600000          2.46200000
          0.71900000          0.84500000          0.98300000          1.09000000
          1.17900000          2.44000000
          0.85700000          0.92900000          1.02100000          1.10500000
          1.18000000          2.49500000
          0.92300000          0.94900000          1.00900000          1.10400000
          1.19600000          2.50500000
          1.18500000          1.09700000          1.09400000          1.21700000
          1.34900000          2.65100000
          0.90800000          1.13900000          1.37800000          1.55900000
          1.70000000          2.71300000
          1.32900000          1.32800000          1.38500000          1.52100000
          1.65400000          2.70000000
          1.43700000          1.49600000          1.59900000          1.73100000
          1.84800000          2.76400000
          0.91000000          1.15200000          1.43000000          1.61900000
          1.75500000          2.73100000
          1.04000000          1.27100000          1.52900000          1.71000000
          1.84500000          2.85800000
          1.55500000          1.66700000          1.81700000          1.96300000
          2.08400000          2.98700000
          1.82700000          1.94800000          2.10100000          2.22800000
          2.32800000          2.95700000
          2.16300000          2.14500000          2.14700000          2.18600000
          2.23200000          2.88800000
          2.03200000          2.05200000          2.10000000          2.17700000
          2.24800000          2.80500000
          1.80300000          2.11100000          2.40800000          2.54900000
          2.63000000          2.89200000
          2.34100000          2.42400000          2.52700000          2.61300000
          2.67800000          2.92200000
          2.23700000          2.27800000          2.32900000          2.37500000
          2.41200000          2.81500000
          1.60300000          1.96900000          2.27700000          2.41300000
          2.49000000          2.83800000
          2.12700000          2.19800000          2.32200000          2.48100000
          2.61700000          3.07300000
          2.61000000          2.62800000          2.69700000          2.82600000
          2.94200000          3.05800000
          2.12800000          2.37400000          2.61900000          2.74100000
          2.81100000          2.89300000
          2.24400000          2.33300000          2.44600000          2.54700000
          2.62700000          2.96700000
          1.87900000          2.08200000          2.35200000          2.59900000
          2.78800000          3.18900000
          2.12400000          2.39600000          2.69100000          2.92800000
          3.10300000          3.40500000
          2.50200000          2.70000000          2.93000000          3.10700000
          3.23500000          3.33500000
          2.27100000          2.56000000          2.89000000          3.10600000
          3.24300000          3.46800000
          2.53000000          2.80600000          3.14900000          3.44500000
          3.61600000          3.48700000
          3.09900000          3.07700000          3.28900000          3.62900000
          3.76000000          3.71300000
          3.05200000          3.06400000          3.14400000          3.23500000
          3.26400000          3.21400000
          2.39400000          2.93800000          3.28900000          3.42000000
          3.46100000          3.35700000
          2.81000000          2.88600000          3.01200000          3.16100000
          3.27600000          3.36900000
          3.05300000          3.02100000          3.07200000          3.21400000
          3.33700000          3.52600000
          3.14100000          3.21000000          3.29800000          3.38200000
          3.44500000          3.67900000
          2.80500000          3.08300000          3.36300000          3.54400000
          3.65300000          3.89600000
          2.66000000          3.05600000          3.42200000          3.62600000
          3.73900000          3.88000000
          2.50200000          3.07200000          3.58200000          3.90100000
          4.06000000          3.79700000
          2.77800000          3.22800000          3.69800000          3.95400000
          4.09900000          4.01100000
          3.10300000          3.36100000          3.65000000          3.83000000
          3.93900000          3.91400000
          2.06000000          2.63500000          3.19200000          3.37300000
          3.43000000          3.34400000
          2.66400000          2.72800000          2.78500000          2.78800000
          2.78000000          3.06200000
          1.53300000          1.45600000          1.49000000          1.72300000
          1.95100000          3.17300000
          1.10000000          1.13700000          1.26900000          1.47900000
          1.66000000          3.05700000
          0.94400000          0.99000000          1.11200000          1.31100000
          1.49400000          2.91600000
          1.17900000          1.15500000          1.17700000          1.26900000
          1.36700000          2.83600000
          0.00000000          0.24900000          0.63000000          0.91900000
          1.13900000          2.92200000
          0.83700000          0.74700000          0.73900000          0.91500000
          1.11300000          3.01600000
          0.54200000          0.70400000          0.92300000          1.12900000
          1.30500000          3.19500000
          1.35400000          1.87200000          2.37900000          2.64700000
          2.82100000          3.76100000
          1.00000000          1.94900000          2.88500000          3.20000000
          3.30600000          3.74800000
          1.08000000          1.82200000          2.53400000          2.82900000
          2.97900000          3.71200000
          0.83200000          1.90400000          2.90900000          3.22800000
          3.33100000          3.64400000
          2.12800000          2.41900000          2.74500000          2.96900000
          3.09600000          3.90100000
          2.32200000          2.46700000          2.76400000          3.09000000
          3.27200000          3.99100000
          2.04000000          2.37900000          2.83100000          3.14500000
          3.28900000          3.79600000
          2.44400000          2.56700000          2.89200000          3.29200000
          3.47900000          3.97300000
          2.78100000          2.73900000          2.94400000          3.31800000
          3.49500000          4.20200000
          2.80200000          2.74700000          3.02600000          3.60300000
          3.79000000          4.17800000
          2.70300000          2.77400000          3.16400000          3.74900000
          3.91400000          4.22700000
          1.96500000          2.39900000          3.04200000          3.79300000
          4.25800000          4.40600000
          3.13900000          3.47700000          3.95500000          4.38600000
          4.54700000          4.48600000
          3.43400000          3.63800000          4.21500000          4.90200000
          4.99300000          4.47100000
          2.14200000          3.16900000          4.05900000          4.42400000
          4.55800000          4.48400000
          2.31500000          3.53100000          4.52200000          4.84200000
          4.93200000          4.51700000
          4.01600000          4.07900000          4.55900000          4.94000000
          5.01300000          4.70300000
          3.27900000          3.53800000          4.11200000          4.56400000
          4.68200000          4.63200000
          3.58300000          3.80700000          4.25000000          4.37500000
          4.38000000          4.39600000
          2.39900000          2.68300000          3.09500000          3.41400000
          3.55200000          4.07100000
          2.89200000          2.97000000          3.07500000          3.53200000
          3.97600000          4.34000000
          1.82200000          2.59600000          3.16300000          3.45100000
          3.76100000          4.14900000
          1.24800000          1.65500000          2.19700000          2.64800000
          2.95400000          4.20500000
          1.64600000          1.83100000          2.20900000          2.59600000
          2.78800000          3.82400000
          1.45500000          1.97200000          2.61500000          2.86700000
          2.85400000          3.86800000
          2.68500000          2.34000000          2.53000000          2.89300000
          2.83000000          3.81200000
          1.22000000          1.60600000          2.18500000          2.60700000
          2.75900000          3.89800000
          1.23600000          1.78900000          2.44100000          2.76700000
          2.90600000          3.99900000
          1.86800000          2.02600000          2.27500000          2.44200000
          2.51100000          3.74700000
          1.88200000          2.03900000          2.30100000          2.52200000
          2.64400000          3.85500000
          2.46700000          2.48200000          2.61800000          2.79900000
          2.89900000          3.73200000
          2.01600000          2.19200000          2.41700000          2.64300000
          2.78200000          3.82200000
          1.41900000          1.93300000          2.26600000          2.48400000
          2.72600000          3.75800000
          2.10500000          2.23900000          2.40100000          2.60400000
          2.79200000          3.83200000
          1.80200000          2.07800000          2.30800000          2.53800000
          2.75400000          3.90300000
          1.12200000          1.74400000          2.24200000          2.50300000
          2.73200000          4.00300000
          1.73900000          2.04700000          2.36500000          2.71000000
          2.92600000          4.00600000
          1.88800000          1.99200000          2.33700000          2.70500000
          2.87900000          3.87100000
          1.74100000          1.95700000          2.32300000          2.66900000
          2.84600000          3.90200000
          2.00300000          2.27800000          2.59600000          2.80300000
          2.93200000          4.03600000
          2.32000000          2.48300000          2.74900000          2.94200000
          3.05500000          4.09300000
          2.19800000          2.48500000          2.74700000          2.94800000
          3.09600000          4.15400000
          2.24400000          2.48500000          2.76300000          2.93200000
          3.02000000          4.11400000
          2.64500000          2.63200000          2.82800000          2.87300000
          2.85000000          3.90800000
          2.67400000          2.69400000          2.77600000          2.87100000
          2.93200000          3.93200000
          2.09700000          2.45500000          2.72200000          2.79100000
          2.87500000          3.94200000
          2.98100000          2.92800000          2.95000000          2.99200000
          2.99800000          3.98900000
          2.53000000          2.68500000          2.89900000          3.08200000
          3.19100000          4.07100000
          2.52400000          2.66100000          2.85300000          3.02000000
          3.09200000          3.98500000
          2.67800000          2.68600000          2.83500000          2.93400000
          2.91900000          3.97200000
          2.38400000          2.53300000          2.74500000          2.85300000
          2.85400000          3.97300000
          2.34900000          2.67100000          2.93400000          2.96600000
          2.98200000          3.95800000
          2.98300000          2.94100000          2.96700000          3.00000000
          2.98500000          3.91700000
          2.94700000          2.92800000          2.98400000          3.01200000
          2.98400000          3.92200000
          2.81900000          2.84200000          2.93600000          2.95200000
          2.92100000          3.98700000
          1.83100000          2.20400000          2.84600000          3.12400000
          3.03400000          4.01900000
          2.83400000          2.85300000          2.94400000          3.03500000
          3.05400000          4.00100000
          2.90700000          2.95000000          3.05700000          3.11800000
          3.10400000          4.00300000
          2.98600000          2.97500000          3.05400000          3.11900000
          3.10800000          4.02200000
          2.88200000          3.05300000          3.29000000          3.41900000
          3.43900000          4.01200000
          3.08300000          3.26400000          3.43800000          3.52600000
          3.57600000          4.04000000
          3.52700000          3.43700000          3.46600000          3.57300000
          3.58700000          4.10500000
          3.24700000          3.36400000          3.54400000          3.65400000
          3.66300000          4.18800000
          3.01000000          3.27400000          3.57100000          3.69600000
          3.72200000          4.12800000
          3.52500000          3.51100000          3.58500000          3.71800000
          3.77600000          4.17500000
          3.35400000          3.42400000          3.54700000          3.66800000
          3.73400000          4.20600000
          3.51000000          3.52800000          3.65300000          3.80000000
          3.85800000          4.23700000
          3.56900000          3.51300000          3.59700000          3.76800000
          3.84700000          4.26400000
          3.18100000          3.32000000          3.50600000          3.66100000
          3.75200000          4.20800000
          2.99900000          3.28900000          3.52200000          3.64400000
          3.76300000          4.19800000
          3.27600000          3.45600000          3.54500000          3.62600000
          3.71500000          4.15700000
          3.02400000          3.31700000          3.50800000          3.64600000
          3.72700000          4.21100000
          3.20900000          3.39800000          3.55900000          3.69100000
          3.77000000          4.22500000
          3.49700000          3.52600000          3.63100000          3.78200000
          3.84800000          4.19100000
          3.38900000          3.45100000          3.61900000          3.79400000
          3.85400000          4.17400000
          3.37200000          3.63100000          3.90500000          4.07800000
          4.13900000          4.18500000
          3.12900000          3.56100000          3.88900000          4.00300000
          4.01600000          4.21900000
          3.81300000          3.85400000          3.92500000          4.05900000
          4.06400000          4.19500000
          3.61300000          3.86600000          4.03900000          4.13400000
          4.15300000          4.22700000
          3.59600000          3.82200000          3.98300000          4.07400000
          4.09700000          4.20500000
          3.82400000          3.88500000          3.98700000          4.06800000
          4.07600000          4.19600000
          3.73600000          3.86300000          3.95400000          4.02600000
          4.05800000          4.23400000
          3.71000000          3.78700000          3.86600000          3.93400000
          3.93900000          4.20400000
          3.81300000          3.81200000          3.88700000          3.97500000
          3.99300000          4.22300000
          3.69900000          3.80700000          3.93300000          4.08800000
          4.11700000          4.27800000
          3.92800000          3.94900000          4.10600000          4.27900000
          4.33300000          4.40900000
          3.84600000          3.91700000          4.13400000          4.29100000
          4.33300000          4.45600000
          3.66800000          3.92500000          4.17900000          4.36700000
          4.42100000          4.54200000
          4.30700000          4.44000000          4.57100000          4.82500000
          4.91900000          4.70400000
          4.49600000          4.52100000          4.72100000          4.84300000
          4.86800000          4.79200000
          4.23900000          4.49700000          4.73800000          4.96500000
          5.07800000          5.19600000
          4.18800000          4.40300000          4.61200000          4.84900000
          4.93800000          4.82500000
          4.44400000          4.63100000          4.69800000          4.87200000
          4.92900000          4.94700000
          4.20900000          4.49500000          4.69300000          4.94700000
          5.02300000          4.93500000
          4.22200000          4.49500000          4.61700000          4.86800000
          4.94600000          5.11000000
          4.08500000          4.57600000          4.81200000          5.09000000
          5.17100000          5.26000000
          4.21200000          4.79200000          5.12000000          5.75800000
          5.88800000          5.56900000
          5.00100000          5.19800000          5.47800000          5.83000000
          5.91800000          5.07100000
          4.24300000          4.84800000          5.35600000          5.69600000
          5.73600000          5.07800000
          3.66300000          4.62400000          5.28500000          5.41200000
          5.43400000          5.26500000
          4.60000000          4.69900000          4.93800000          5.08000000
          5.05200000          4.72400000
          4.37400000          4.53700000          4.60900000          4.63500000
          4.63100000          4.61700000
          3.77100000          4.37200000          4.59500000          4.65700000
          4.64200000          4.86700000
          3.90600000          4.01400000          4.16100000          4.16200000
          4.13900000          4.59900000
          3.01300000          3.54300000          3.77300000          3.93000000
          3.98900000          4.94300000
          3.20500000          3.34500000          3.49200000          3.83900000
          3.95100000          4.96400000
          3.32000000          3.74800000          4.05100000          4.54000000
          4.92800000          5.44100000
          3.29100000          3.78800000          4.18100000          4.77700000
          5.05900000          5.34700000
          3.48700000          3.92800000          4.49000000          4.95500000
          5.20600000          5.42200000
          4.33600000          4.24800000          4.58700000          5.15900000
          5.35600000          5.51500000
          3.80200000          4.18500000          4.63000000          5.22400000
          5.44200000          5.71100000
          3.56700000          4.27500000          5.03800000          5.60400000
          5.80900000          5.81900000
          3.90400000          4.42600000          5.16300000          5.72300000
          5.89500000          5.77100000
          4.64100000          4.73900000          4.95200000          5.17000000
          5.33000000          5.73100000
          4.37200000          4.78800000          5.12200000          5.34400000
          5.44600000          5.68900000
          4.51600000          4.94100000          5.27900000          5.46700000
          5.59900000          5.97000000
          5.06500000          5.33500000          5.61000000          5.80200000
          5.89900000          5.92500000
          5.19700000          5.56800000          5.84000000          6.08300000
          6.15400000          5.98400000
          5.26700000          5.28900000          5.41600000          5.69500000
          5.87100000          5.75100000
          4.91700000          5.10200000          5.23200000          5.43600000
          5.46100000          5.53200000
          4.59500000          5.04900000          5.25600000          5.41300000
          5.43300000          5.55500000
          5.12700000          5.19700000          5.27600000          5.44600000
          5.43600000          5.64700000
          5.25300000          5.33600000          5.58600000          5.67000000
          5.70000000          5.79000000
          4.32500000          5.07100000          5.60200000          5.78000000
          5.86800000          5.95100000
          5.97600000          6.13800000          6.30800000          6.56300000
          6.63000000          6.41700000
          5.86800000          5.94800000          6.28600000          6.50900000
          6.51500000          6.33800000
          5.34200000          5.89200000          6.29900000          6.54900000
          6.56200000          6.36800000
          4.65600000          5.63800000          6.12400000          6.26900000
          6.33700000          6.42100000
          6.50900000          6.11100000          6.01200000          6.14600000
          6.19700000          6.33500000
          5.83200000          5.97100000          6.20400000          6.47700000
          6.57900000          6.57500000
          5.88900000          6.25600000          6.49200000          7.20400000
          7.66400000          6.58800000
          5.54300000          6.54700000          7.19100000          7.46700000
          7.61700000          6.47900000
          6.83900000          7.04700000          7.07100000          7.39000000
          7.53900000          6.54100000
          7.10200000          7.03100000          7.19200000          7.54000000
          7.71600000          7.19900000
          6.22400000          6.69400000          7.04900000          7.51900000
          7.52600000          6.71700000
          6.00000000          6.89200000          7.66700000          8.05600000
          8.01900000          7.01600000
          5.90300000          7.28000000          8.13600000          8.27400000
          8.13700000          7.32300000
          6.95300000          7.62200000          8.01200000          8.06000000
          7.99100000          7.43900000
          6.10100000          6.68300000          7.01100000          6.97600000
          6.89800000          6.80800000
          6.63700000          6.42500000          6.48300000          6.58700000
          6.60900000          6.83500000
          6.29100000          6.52300000          7.03100000          7.32800000
          7.44100000          7.71400000
          6.28300000          6.56400000          7.03600000          7.20600000
          7.31800000          7.70000000
          5.46300000          6.11900000          6.52100000          6.79700000
          7.05800000          7.50200000
          4.32000000          5.92000000          6.42700000          6.65900000
          6.86100000          7.60400000
          6.06900000          6.23800000          6.37700000          6.67300000
          6.79000000          7.56900000
          5.61500000          5.55700000          6.03100000          6.53600000
          6.59300000          7.29900000
          5.05000000          5.45500000          5.95700000          6.22700000
          6.30300000          7.19700000
          4.39700000          4.75400000          5.06800000          5.04800000
          5.09500000          6.48900000
          3.98100000          4.57200000          4.89900000          4.91400000
          4.89200000          6.33800000
          3.99400000          4.11300000          4.17300000          4.24600000
          4.19300000          6.17400000
          3.12500000          3.25000000          3.42500000          3.61000000
          3.69000000          6.12400000
          3.46100000          3.46200000          3.64000000          3.69500000
          3.74000000          5.71900000
          3.48700000          3.80700000          4.04400000          4.33400000
          4.50800000          6.14900000
          3.91600000          4.20300000          4.37700000          4.51000000
          4.75200000          6.52900000
          4.51700000          4.95000000          5.12000000          5.46500000
          5.83000000          6.82700000
          4.78500000          5.20600000          5.31100000          5.82400000
          6.01600000          6.94600000
          4.48700000          4.45600000          4.40000000          4.81900000
          5.12100000          6.29800000
          4.54800000          4.47300000          4.64600000          4.98700000
          5.16700000          5.97000000
          3.56200000          4.05700000          4.37400000          4.48200000
          4.48800000          5.96000000
          3.66800000          4.06400000          4.34600000          4.50400000
          4.63300000          5.84600000
          3.23600000          3.33000000          3.70200000          4.03500000
          4.11000000          5.96600000
          2.41000000          3.02400000          3.38100000          3.78400000
          3.99000000          6.39900000
          3.35700000          3.25000000          3.44100000          3.81900000
          4.05200000          6.25600000
          3.32100000          3.42000000          3.92500000          4.46600000
          4.77600000          6.21600000
          3.29600000          3.28500000          3.66900000          4.12000000
          4.33500000          6.20900000
          3.31500000          3.50300000          3.81000000          4.21100000
          4.43100000          6.13800000
          3.38800000          3.67500000          4.10800000          4.69000000
          5.01600000          6.24400000
          3.41300000          3.55500000          3.86000000          4.43200000
          4.73900000          6.40100000
          4.27500000          4.34600000          4.50800000          5.02000000
          5.27600000          6.51300000
          4.64500000          4.48200000          4.74000000          5.31000000
          5.53100000          6.62300000
          4.48700000          4.54000000          4.81800000          5.18600000
          5.36400000          6.44800000
          4.82100000          4.79300000          4.91800000          5.26400000
          5.35800000          6.33600000
          4.77000000          4.92700000          5.22200000          5.48500000
          5.55600000          6.41100000
          5.22200000          5.43700000          5.76800000          5.96500000
          6.02100000          6.44600000
          5.49300000          5.59200000          5.90100000          6.16000000
          6.28600000          6.55400000
          5.76800000          6.08300000          6.53400000          6.91300000
          6.99200000          6.58100000
          5.94900000          6.01300000          6.38800000          6.68400000
          6.72700000          6.57400000
          6.00200000          6.53100000          7.01100000          7.10500000
          7.08800000          6.78100000
          7.29600000          7.45400000          7.62000000          7.81200000
          7.78700000          6.79300000
          7.96400000          8.28900000          8.35700000          8.65500000
          8.77200000          7.33600000
          8.41400000          8.63600000          8.68000000          8.74000000
          8.66900000          7.03700000
          7.58500000          7.12600000          7.24800000          7.77600000
          7.77400000          6.76400000
          6.73600000          7.14700000          7.40900000          7.69100000
          7.34500000          6.89100000
          7.85500000          7.48800000          7.62300000          8.06700000
          7.79600000          6.78600000
          7.13400000          7.29200000          7.57200000          7.58600000
          7.33700000          6.79200000
          7.36000000          7.51800000          7.66400000          7.47100000
          7.23000000          7.00400000
          7.17700000          7.57800000          7.58700000          7.48100000
          7.18800000          7.08900000
          8.00900000          8.51300000          8.64000000          8.55700000
          8.45400000          7.48600000
          8.51500000          8.72700000          9.00800000          8.99000000
          9.05900000          7.89400000
          7.54700000          7.66400000          8.29000000          8.51000000
          8.74900000          7.83400000
          7.64900000          7.65500000          7.75700000          8.21000000
          8.62200000          7.84000000
          7.03900000          7.55300000          7.74300000          8.26300000
          8.60900000          8.00900000
          9.17400000          9.20500000          9.29600000          9.72900000
          9.91700000          8.27500000
          6.25800000          6.05600000          6.32100000          7.69600000
          8.23800000          7.89000000
          6.37400000          7.11700000          8.08500000          8.01600000
          7.93800000          7.74600000
          7.44300000          7.45200000          7.62700000          7.83000000
          7.68900000          7.69900000
          6.51000000          6.77000000          7.17900000          7.23300000
          7.16100000          7.42700000
          5.46800000          5.53300000          5.83900000          6.02000000
          6.05100000          7.47900000
          4.48500000          4.97700000          5.55000000          5.76500000
          5.84500000          7.48700000
          5.05700000          5.26600000          5.65800000          5.86300000
          6.00700000          7.93300000
          4.77200000          5.14900000          5.59500000          6.20100000
          6.57900000          8.12900000
          4.65900000          4.94000000          5.28200000          5.60000000
          5.84800000          7.96600000
          5.58800000          5.66700000          6.03600000          6.32500000
          6.62100000          7.86800000
          5.97300000          6.00300000          6.34000000          6.89600000
          7.13300000          8.03000000
          5.72600000          5.98000000          6.50300000          7.08400000
          7.33900000          8.08900000
          6.24500000          6.31000000          6.69300000          7.22600000
          7.46400000          8.37200000
          5.25300000          5.36000000          5.62600000          5.86300000
          6.06800000          7.92700000
          4.67100000          5.12500000          5.68000000          6.15100000
          6.38400000          8.21900000
          4.98500000          5.05600000          5.29200000          5.63200000
          5.89100000          7.79800000
          4.51700000          4.52500000          4.78900000          5.10600000
          5.32900000          7.88500000
          4.45700000          4.67200000          5.09500000          5.60900000
          5.89900000          7.79700000
          4.77000000          4.77800000          5.05200000          5.49800000
          5.80400000          7.69400000
          4.86200000          4.69600000          4.99400000          5.42800000
          5.73900000          7.68700000
          4.86400000          5.24400000          5.61500000          6.11500000
          6.40100000          7.89400000
          5.26400000          5.29600000          5.47500000          5.93200000
          6.14800000          7.80600000
          5.09300000          5.10200000          5.26800000          5.65300000
          5.85500000          7.84500000
          4.79600000          4.97800000          5.16800000          5.50300000
          5.65500000          7.65900000
          5.12800000          5.06800000          5.17900000          5.46600000
          5.59400000          7.55800000
          4.69400000          4.74500000          4.97900000          5.20200000
          5.30400000          7.45900000
          4.37000000          4.41200000          4.50500000          4.68300000
          4.77500000          7.08900000
          4.21500000          4.26300000          4.44800000          4.62600000
          4.71800000          6.83400000
          4.57700000          4.56600000          4.81300000          5.14500000
          5.34200000          7.37500000
          4.40600000          4.52300000          4.78500000          5.07000000
          5.30200000          7.44500000
          4.54300000          4.50700000          4.65500000          4.91100000
          5.17400000          7.42400000
          4.32900000          4.44200000          4.71800000          5.05100000
          5.30000000          7.44900000
          4.80200000          4.90100000          5.10900000          5.37400000
          5.55400000          7.39100000
          4.98100000          4.95600000          5.11800000          5.39000000
          5.51800000          7.27000000
          5.15800000          5.24800000          5.48100000          5.81100000
          5.97400000          7.38400000
          5.34600000          5.38100000          5.65500000          6.02600000
          6.17900000          7.25000000
          5.75300000          5.74300000          6.03600000          6.33700000
          6.47100000          7.33000000
          6.27500000          6.11100000          6.36700000          6.71300000
          6.87700000          7.54700000
          5.30500000          5.67200000          6.19400000          6.57600000
          6.75900000          7.51300000
          5.38200000          5.82200000          6.32300000          6.63000000
          6.80900000          7.68100000
          5.69400000          6.07000000          6.53200000          6.85800000
          7.02500000          7.81500000
          5.98200000          6.22600000          6.55500000          6.91900000
          7.08300000          7.91800000
          6.84300000          6.56400000          6.61900000          6.96800000
          7.18100000          8.02000000
          5.86000000          6.02600000          6.50500000          7.08700000
          7.37000000          8.10200000
          6.33200000          6.44200000          6.81200000          7.36200000
          7.64300000          8.26800000
          6.23800000          6.60600000          7.24600000          7.74600000
          8.01900000          8.45100000
          6.40000000          6.55400000          7.00500000          7.61700000
          7.99700000          8.38600000
          8.04500000          7.87500000          7.70000000          7.95400000
          8.20100000          8.20300000
          7.89200000          7.99700000          8.32400000          8.65900000
          8.68300000          8.42900000
          8.34500000          8.65500000          8.93700000          9.50300000
          9.74300000          8.66200000
          8.95100000          8.98900000          9.17300000          9.58100000
          9.78600000          8.62300000
          7.63100000          8.62800000          9.55200000          9.85700000
         10.22400000          8.86400000
          9.63900000          9.50700000          9.55700000          9.73000000
          9.85800000          8.71700000
          9.57900000          9.62700000          9.67200000          9.90500000
         10.00400000          8.96700000
          9.54100000          9.58900000          9.70800000          9.83100000
          9.86000000          8.90200000
          9.54300000          9.58400000          9.78300000          9.93000000
          9.99200000          9.12300000
          9.80400000          9.77800000          9.79500000          9.77700000
          9.72300000          8.87000000
          8.72800000          8.97700000          9.19400000          9.25100000
          9.23500000          8.62700000
          9.21600000          9.13600000          9.40200000          9.62800000
          9.63600000          8.82100000
          9.97700000         10.10700000         10.02500000         10.18800000
         10.29600000          8.98800000
          9.98700000         10.21800000         10.39000000         10.52000000
         10.56900000          9.15700000
         11.24400000         11.72800000         12.48800000         12.72900000
         12.68400000         10.31100000
         10.26800000         11.23000000         11.77500000         12.02700000
         11.72100000         10.11200000
          7.11900000         10.27400000         12.28500000         12.29800000
         11.82500000         10.02400000
         11.03100000         11.87100000         12.36400000         12.42500000
         12.04800000         10.90300000
         13.28600000         13.91900000         14.32400000         14.73100000
         14.92400000         12.28300000
         13.89400000         15.07100000         15.24100000         15.92400000
         15.85200000         12.01800000
         10.28000000         10.38900000         10.67600000         11.04100000
         11.07400000         10.70900000
          8.21900000          7.84700000          7.91100000          8.36300000
          8.52100000         10.20900000
          4.08800000          6.66500000          8.15600000          8.19800000
          8.33900000         10.02500000
          6.47400000          7.83500000          8.80200000          8.93400000
          9.01100000         10.69800000
          8.27000000          9.20000000         10.25500000         10.71300000
         10.90400000         11.20100000
         10.97600000         11.20400000         11.62500000         11.94700000
         11.95600000         11.55200000
         10.22900000         11.65700000         12.99500000         13.26600000
         13.27100000         11.98600000
         13.63100000         14.39400000         14.85600000         14.83300000
         14.92000000         12.05600000
         10.88100000         12.90100000         14.75800000         14.40400000
         13.83600000         11.94400000
         13.97200000         14.71700000         15.02500000         14.54200000
         14.10300000         12.19200000
         13.60300000         14.19700000         14.69800000         14.55600000
         14.31000000         12.91300000
         13.10100000         13.03400000         12.82300000         12.65200000
         12.74200000         12.68500000
         12.57500000         14.11400000         15.20400000         14.95800000
         14.86900000         13.49900000
         16.27200000         16.21000000         15.67300000         14.95200000
         14.85800000         12.88700000
         14.03000000         14.41300000         14.64900000         14.65900000
         14.56500000         13.29200000
         14.49700000         14.98000000         15.40600000         15.80100000
         15.87800000         13.88800000
         15.39500000         15.63900000         15.99900000         16.51100000
         16.63500000         14.60600000
         12.63500000         13.67900000         14.75900000         15.65300000
         16.01700000         15.06500000
         12.75300000         12.97200000         13.12500000         13.68900000
         14.12400000         14.21100000
         10.17000000         10.23700000         10.56800000         11.05500000
         11.31000000         12.94700000
          8.26300000          9.71000000         11.50900000         12.55200000
         13.04900000         13.66900000
         11.73300000         12.14100000         12.84300000         13.40800000
         13.64100000         13.80200000
         11.84800000         11.98000000         12.71700000         13.55500000
         13.54500000         13.58100000
         14.57100000         13.96300000         13.66300000         13.86500000
         13.88400000         13.63500000
         12.31500000         12.31600000         12.71100000         13.15600000
         13.29000000         13.30600000
         11.55800000         11.61600000         11.85500000         12.24500000
         12.54600000         13.30200000
         10.64800000         11.74200000         13.11600000         13.81300000
         14.02900000         13.84200000
          8.49300000          9.14700000         10.49700000         11.77100000
         12.25700000         13.27700000
          7.54100000          7.51300000          8.33100000          9.83600000
         10.55800000         12.43900000
          6.87700000          6.93700000          7.77400000          9.22500000
          9.82200000         11.74100000
          7.80500000          7.72200000          8.11200000          8.73500000
          8.97000000         10.86900000
          7.67200000          7.87300000          8.39100000          8.87000000
          8.95100000         10.97000000
          8.05300000          8.07100000          8.17400000          8.33500000
          8.45500000         10.58500000
          8.00800000          8.06600000          8.26300000          8.51600000
          8.67300000         11.03700000
          7.90000000          7.90900000          8.06300000          8.24200000
          8.28500000         10.36300000
          8.36000000          8.55800000          8.85600000          9.02300000
          9.06400000         10.63900000
          8.01400000          8.09900000          8.27800000          8.40800000
          8.49200000         10.32100000
          8.38000000          8.55900000          8.83300000          9.04800000
          9.16100000         10.86200000
          8.24900000          8.56800000          8.98100000          9.23600000
          9.38800000         11.00300000
          8.63300000          8.95500000          9.43400000          9.80800000
         10.03700000         11.77900000
          8.74300000          9.00800000          9.46400000          9.91100000
         10.13200000         11.78900000
          8.77200000          8.77500000          8.92300000          9.24300000
          9.47600000         11.37600000
          8.45800000          8.49100000          8.71600000          9.12200000
          9.37600000         11.64200000
          8.17100000          8.57600000          9.06800000          9.37300000
          9.57600000         11.46600000
          8.17900000          8.63300000          9.19700000          9.50100000
          9.70900000         11.65800000
          8.86900000          8.94000000          9.09700000          9.31900000
          9.48600000         11.53200000
          8.45100000          8.86300000          9.37300000          9.68300000
          9.85200000         11.85500000
          9.21600000          9.50400000          9.96600000         10.26600000
         10.38700000         12.30700000
          9.25500000          9.48800000          9.96200000         10.33900000
         10.53200000         12.59900000
          9.65200000          9.55800000         10.03900000         11.00900000
         11.43000000         13.62400000
          8.83100000          9.38600000         10.18000000         10.97800000
         11.59600000         13.50800000
          9.67400000         10.02900000         10.56700000         11.02900000
         11.32500000         12.64700000
         10.78200000         10.74300000         10.82100000         11.12600000
         11.40600000         12.47300000
         10.52100000         10.44200000         10.50300000         10.76400000
         10.94400000         12.15100000
          8.07100000          8.57000000          9.24800000          9.64800000
          9.83400000         11.55400000
          7.47200000          8.00000000          8.62300000          8.98800000
          9.28800000         11.42800000
          6.29700000          7.22900000          8.12600000          8.36700000
          8.81500000         11.45900000
          7.28900000          7.72500000          8.19500000          8.43700000
          8.73200000         11.11900000
          6.76500000          7.67100000          8.70600000          9.13400000
          9.35600000         11.85900000
          7.66700000          8.03700000          8.51300000          8.86800000
          9.13500000         11.58800000
          7.24400000          7.51600000          7.98000000          8.38700000
          8.62200000         11.40400000
          6.69400000          6.99600000          7.32200000          7.47800000
          7.67200000         10.33100000
          6.49500000          6.71900000          7.03000000          7.25200000
          7.45000000         10.28600000
          6.82400000          7.05600000          7.39700000          7.66200000
          7.84000000         10.65300000
          7.36000000          7.24200000          7.27100000          7.54600000
          7.73400000         10.37600000
          7.01500000          7.10900000          7.25500000          7.44300000
          7.69600000         10.45900000
          6.95500000          7.16500000          7.35400000          7.50900000
          7.67800000         10.07800000
          5.66300000          6.59200000          7.38100000          7.46000000
          7.64500000          9.59100000
          5.19300000          6.23700000          7.16900000          7.29700000
          7.41900000          9.01500000
          6.38400000          6.80500000          7.16300000          7.26800000
          7.40400000          9.28000000
          6.51400000          6.88700000          7.20000000          7.21900000
          7.29200000          8.12400000
          6.73400000          6.57900000          6.46400000          6.47400000
          6.56100000          7.43400000
          5.81600000          5.98100000          6.17800000          6.30400000
          6.39200000          7.47500000
          6.11100000          6.23400000          6.42600000          6.59500000
          6.71400000          8.21200000
          5.95600000          6.00600000          6.10800000          6.17300000
          6.23500000          7.49200000
          5.08400000          5.49900000          5.88400000          5.94300000
          6.03200000          7.63900000
          4.36900000          4.85900000          5.24200000          5.26200000
          5.39600000          7.34700000
          5.13600000          5.20200000          5.32100000          5.53000000
          5.70100000          7.86100000
          4.64900000          5.03300000          5.30100000          5.41300000
          5.57100000          7.64200000
          5.06500000          5.24100000          5.45600000          5.56100000
          5.61300000          7.28300000
          4.07500000          4.99800000          5.80300000          5.76600000
          5.82400000          7.32900000
          5.23300000          5.51000000          5.70500000          5.73700000
          5.83700000          7.34700000
          5.43900000          5.48900000          5.55400000          5.64600000
          5.77500000          7.27400000
          4.86700000          5.20100000          5.63000000          5.86300000
          5.96600000          7.60400000
          4.65400000          4.98400000          5.54900000          6.10200000
          6.40300000          8.35500000
          5.68200000          5.59700000          5.78800000          6.28000000
          6.52700000          8.48400000
          5.18700000          5.39700000          5.78200000          6.15100000
          6.38400000          8.40300000
          5.10300000          5.54600000          6.07300000          6.45100000
          6.75500000          8.75200000
          5.32300000          5.80500000          6.32100000          6.65500000
          6.99400000          9.05700000
          6.49900000          6.48400000          6.73800000          7.23000000
          7.55000000          9.64800000
          3.56800000          4.36400000          5.38500000          6.18000000
          6.65000000          8.98200000
          2.53200000          3.80000000          5.42600000          6.36200000
          6.72600000          9.06900000
          2.04900000          3.88000000          5.80800000          6.42800000
          6.85400000          8.94200000
          4.01200000          4.93000000          5.82500000          6.16400000
          6.50500000          8.31900000
          4.85400000          5.26700000          5.71700000          6.03500000
          6.37300000          8.25700000
          5.68000000          5.73000000          5.86700000          6.23500000
          6.61100000          8.66300000
          5.57700000          5.76800000          6.09200000          6.53400000
          6.88200000          8.95200000
          5.66000000          6.08300000          6.63000000          7.06600000
          7.37600000          9.20000000
          5.54400000          6.12800000          6.71000000          6.95300000
          7.25200000          8.81900000
          6.05200000          6.52400000          7.04100000          7.33600000
          7.60300000          9.12500000
          8.02800000          7.54400000          7.36800000          7.80500000
          8.01700000          9.17300000
          6.78800000          7.07300000          7.44700000          7.73900000
          7.91900000          8.82200000
          6.40500000          6.95700000          7.49900000          7.72000000
          7.85400000          8.59000000
          6.11500000          7.08400000          8.01300000          8.23500000
          8.40300000          8.94100000
          6.10400000          7.19600000          8.28100000          8.54700000
          8.79400000          8.96000000
          7.66500000          8.06600000          8.50600000          8.68800000
          8.78600000          8.79300000
          7.12800000          8.07500000          8.89400000          8.95600000
          9.15000000          9.05600000
          9.21300000          9.04300000          9.05300000          9.27900000
          9.36000000          9.00000000
          8.70400000          8.63000000          8.65000000          8.81400000
          8.92200000          8.85400000
          8.17600000          8.51900000          8.76900000          8.67000000
          8.66200000          8.47000000
          8.31200000          8.25400000          8.15700000          8.03800000
          7.99000000          8.01900000
          7.80700000          7.93400000          7.90200000          7.63500000
          7.56700000          7.78500000
          6.63400000          7.50100000          8.13300000          8.04900000
          8.18700000          8.15600000
          6.85900000          7.58800000          8.13900000          8.17800000
          8.37200000          8.19300000
          7.59300000          7.84200000          7.93600000          7.78700000
          7.78900000          7.86700000
          8.16000000          7.93800000          7.74500000          7.65600000
          7.53600000          7.82000000
          5.20700000          6.65100000          7.78900000          7.70000000
          7.69600000          7.91500000
          7.25000000          7.62700000          7.90100000          7.93000000
          8.01700000          8.35900000
          7.43100000          7.74000000          7.97700000          7.95100000
          7.99000000          8.45900000
          8.27400000          8.08300000          7.98300000          8.07100000
          8.11400000          8.54900000
          7.46700000          7.66600000          7.98800000          8.21400000
          8.31100000          8.92400000
          7.37000000          7.65200000          7.93800000          7.96900000
          7.98300000          8.50600000
          7.23000000          7.61300000          7.92500000          7.87600000
          7.88000000          8.35900000
          7.52600000          7.59600000          7.63600000          7.57300000
          7.55700000          8.30600000
          7.60300000          7.53700000          7.52600000          7.58400000
          7.60400000          8.82700000
          6.49300000          6.95900000          7.36800000          7.41500000
          7.54400000          8.78700000
          5.86900000          6.70900000          7.29800000          7.26300000
          7.33100000          8.64500000
          6.13900000          6.65900000          7.17800000          7.25100000
          7.23300000          8.31600000
          4.98000000          5.86700000          6.62100000          6.64100000
          6.72100000          8.10300000
          5.54300000          5.95300000          6.30800000          6.34500000
          6.41700000          8.06900000
          5.22000000          5.67700000          6.17800000          6.18600000
          6.24400000          8.06900000


