1.9956	2.0051
1.9902	2.0035
2.0303	2.0382
2.0665	2.0728
2.0513	2.0579
2.0982	2.1119
2.2431	2.2601
2.2241	2.2384
2.1908	2.1998
2.1462	2.1449
2.1269	2.1328
2.1892	2.2005
2.2512	2.2658
2.2749	2.2898
2.2084	2.2063
2.217	2.2162
2.2705	2.304
2.2941	2.3359
2.3352	2.3727
2.3372	2.3705
2.3805	2.402
2.4034	2.4168
2.3986	2.3964
2.374	2.3459
2.4283	2.4047
2.3178	2.2941
2.2483	2.2326
2.1992	2.179
2.1256	2.0895
2.0004	1.9738
1.8994	1.8764
1.8433	1.821
1.8308	1.817
1.8437	1.8427
1.8968	1.9038
1.8964	1.9052
1.8851	1.8875
1.8536	1.8468
1.814	1.8072
1.7793	1.7721
1.8181	1.8115
1.7693	1.7578
1.7444	1.7348
1.7296	1.7267
1.7186	1.7141
1.7013	1.6978
1.6354	1.633
1.6148	1.6185
1.5655	1.5733
1.5254	1.5328
1.485	1.4906
1.5378	1.5412
1.5688	1.5732
1.5487	1.5491
1.5293	1.5283
1.5039	1.5017
1.4996	1.4984
1.4988	1.4974
1.48	1.4776
1.4385	1.4355
1.41	1.4082
1.4428	1.4402
1.4625	1.4566
1.4314	1.4238
1.3974	1.3893
1.3857	1.3774
1.3233	1.3211
1.3172	1.314
1.262	1.259
1.2212	1.2202
1.241	1.2416
1.1853	1.1873
1.1202	1.1286
1.0814	1.0932
1.1119	1.123
1.2306	1.2424
1.2368	1.2503
1.2661	1.2809
1.3647	1.3783
1.3721	1.3834
1.3546	1.3654
1.4106	1.4223
1.4282	1.4403
1.4337	1.4461
1.4072	1.423
1.4146	1.4302
1.4521	1.467
1.4858	1.4986
1.5086	1.5206
1.4988	1.5089
1.4957	1.508
1.4733	1.4867
1.4566	1.4716
1.4096	1.4276
1.4076	1.4253
1.4213	1.4383
1.4897	1.5071
1.511	1.5271
1.5785	1.5919
1.6185	1.6299
1.6601	1.6661
1.6225	1.6293
1.6011	1.6099
1.5857	1.5975
1.6364	1.6462
1.6558	1.6621
1.7691	1.7754
1.8236	1.8273
1.7907	1.7981
1.7475	1.7578
1.8235	1.8324
1.8716	1.8765
1.8671	1.8694
1.7738	1.779
1.6945	1.7042
1.6867	1.6983
1.6684	1.6833
1.7238	1.7382
1.7947	1.809
1.8123	1.8282
1.7593	1.7748
1.7406	1.7541
1.7034	1.7146
1.6903	1.7022
1.6162	1.6295
1.5356	1.5532
1.6054	1.6244
1.5763	1.5955
1.5526	1.5715
1.5642	1.5882
1.5474	1.5724
1.5708	1.5957
1.6257	1.6523
1.669	1.6962
1.598	1.6246
1.6115	1.6374
1.6505	1.6778
1.6822	1.7094
1.7785	1.8081
1.8681	1.8998
1.8484	1.8786
1.918	1.9454
1.9387	1.9647
1.8989	1.9257
1.9044	1.9348
1.9349	1.9655
1.8004	1.8265
1.7259	1.7502
1.7021	1.7252
1.6294	1.6499
1.6302	1.6503
1.6629	1.6841
1.7059	1.7249
1.7016	1.7226
1.755	1.7787
1.7982	1.8258
1.7842	1.8127
1.7513	1.7781
1.6973	1.7238
1.7299	1.7576
1.7834	1.8109
1.8281	1.8556
1.887	1.9186
1.9081	1.9412
1.8245	1.8559
1.6374	1.6577
1.5145	1.5275
1.54	1.5536
1.5191	1.5325
1.4282	1.4386
1.4525	1.4625
1.5364	1.5472
1.5373	1.5481
1.5	1.5099
1.486	1.4963
1.4812	1.4911
1.5157	1.5261
1.4946	1.5037
1.4728	1.4806
1.4831	1.4904
1.486	1.4939
1.4738	1.4799
1.4868	1.4917
1.4796	1.4837
1.5009	1.5029
1.5232	1.5252
1.5448	1.5463
1.5404	1.5427
1.5629	1.5651
1.6045	1.6057
1.5879	1.5886
1.5593	1.5595
1.5739	1.5747
1.5702	1.572
1.5991	1.6005
1.6057	1.6074
1.5846	1.5868
1.5924	1.5949
1.5918	1.5953
1.5646	1.5681
1.5552	1.5584
1.5747	1.5779
1.5592	1.5623
1.537	1.5398
1.5274	1.5306
1.5331	1.5364
1.5246	1.5271
1.5126	1.5145
1.513	1.5152
1.5409	1.5418
1.5536	1.5539
1.5492	1.5502
1.559	1.5597
1.5845	1.5862
1.6592	1.6626
1.6613	1.6647
1.6554	1.6587
1.6217	1.6246
1.6039	1.6063
1.6272	1.6295
1.6307	1.6334
1.6408	1.6446
1.6649	1.6702
1.5974	1.6034
1.5955	1.6015
1.6267	1.6329
1.6818	1.689
1.6527	1.6597
1.6279	1.6353
1.6334	1.6407
1.6545	1.662
1.666	1.6733
1.6295	1.6366
1.6427	1.6507
1.6354	1.6437
1.6239	1.632
1.6743	1.6822
1.6874	1.6952
1.6556	1.662
1.6659	1.6705
1.6464	1.6509
1.6258	1.6276
1.6207	1.622
1.6094	1.6105
1.6143	1.6154
1.5955	1.595
1.5757	1.5747
1.6084	1.6073
1.6252	1.6243
1.6584	1.6572
1.6229	1.6214
1.614	1.6132
1.6402	1.6402
1.5996	1.5998
1.5806	1.5802
1.5844	1.5837
1.5098	1.5075
1.5115	1.5089
1.5113	1.5088
1.4932	1.491
1.4376	1.4355
1.4536	1.4511
1.4283	1.4256
1.4648	1.4625
1.4768	1.4769
1.4517	1.4529
1.4438	1.4454
1.4325	1.435
1.422	1.4259
1.3966	1.4014
1.4107	1.4139
1.4315	1.4365
1.4575	1.4635
1.4446	1.4517
1.4314	1.4358
1.4353	1.4409
1.4247	1.4323
1.4157	1.4231
1.415	1.4225
1.4357	1.4434
1.4512	1.4593
1.478	1.4863
1.5462	1.5546
1.5294	1.5377
1.5479	1.5561
1.549	1.5574
1.5625	1.5723
1.5764	1.5863
1.6066	1.6169
1.5991	1.6085
1.5743	1.5836
1.5657	1.5747
1.6136	1.623
1.6501	1.6606
1.6146	1.6242
1.5855	1.595
1.603	1.6131
1.6677	1.6787
1.6783	1.6901
1.7384	1.7507
1.8102	1.8234
1.8534	1.8673
1.8123	1.8267
1.7862	1.8005
1.773	1.7876
1.8126	1.8275
1.8281	1.8429
1.8071	1.8216
1.779	1.7922
1.794	1.8065
1.8487	1.8603
1.9166	1.9275
1.8666	1.8764
1.8778	1.8871
1.8987	1.9078
1.8879	1.896
1.8466	1.8538
1.8118	1.8179
1.7467	1.7509
1.7911	1.7943
1.8054	1.8081
1.7625	1.764
1.7333	1.7341
1.7459	1.7462
1.7682	1.7678
1.7482	1.747
1.7453	1.7435
1.7708	1.7685
1.8728	1.8702
1.8463	1.8428
1.8487	1.8447
1.8971	1.8944
1.8867	1.8847
1.877	1.8755
1.9129	1.9119
1.964	1.9633
1.9583	1.9587
1.9574	1.9581
1.9465	1.9471
1.9899	1.9909
1.982	1.9836
1.9842	1.9864
2.0309	2.0338
2.0071	2.0111
2.0139	2.0185
2.0396	2.0446
2.0637	2.0701
2.0128	2.0185
1.9617	1.9698
1.9519	1.9638
1.9886	2.0032
1.9685	1.9817
1.9502	1.9641
1.952	1.9658
1.9744	1.988
1.8763	1.8889
1.7897	1.7986
1.6858	1.69
1.5314	1.5338
1.4844	1.4859
1.4432	1.4452
1.4404	1.4411
1.4178	1.4174
1.4715	1.4715
1.5425	1.5429
1.6363	1.6366
1.6363	1.6366
1.6537	1.6539
1.6327	1.6328
1.6192	1.6199
1.6587	1.6597
1.6229	1.6239
1.6152	1.6162
1.5606	1.5615
1.5044	1.5053
1.5334	1.534
1.4627	1.4627
1.4762	1.4761
1.5294	1.5299
1.5652	1.566
1.5568	1.5578
1.585	1.5862
1.5949	1.5961
1.5593	1.5603
1.5783	1.5795
1.6114	1.613
1.6142	1.6159
1.6324	1.6345
1.6293	1.6312
1.6195	1.6214
1.6128	1.6145
1.6333	1.6348
