   1.7705000e+03   1.9555000e+03
   1.7929000e+03   1.9661000e+03
   1.7858000e+03   1.9678000e+03
   1.7882000e+03   1.9666000e+03
   1.7877000e+03   1.9845000e+03
   1.8143000e+03   2.0144000e+03
   1.8231000e+03   2.0419000e+03
   1.8596000e+03   2.0820000e+03
   1.8794000e+03   2.1017000e+03
   1.9025000e+03   2.1252000e+03
   1.9179000e+03   2.1370000e+03
   1.9451000e+03   2.1546000e+03
   1.9582000e+03   2.1725000e+03
   1.9769000e+03   2.1931000e+03
   2.0038000e+03   2.2179000e+03
   2.0206000e+03   2.2546000e+03
   2.0605000e+03   2.2996000e+03
   2.0967000e+03   2.3621000e+03
   2.1352000e+03   2.3927000e+03
   2.1412000e+03   2.4204000e+03
   2.1888000e+03   2.4474000e+03
   2.2130000e+03   2.4745000e+03
   2.2510000e+03   2.5426000e+03
   2.3143000e+03   2.5941000e+03
   2.3485000e+03   2.6184000e+03
   2.3545000e+03   2.6247000e+03
   2.3815000e+03   2.6578000e+03
   2.3914000e+03   2.6882000e+03
   2.4053000e+03   2.7284000e+03
   2.4381000e+03   2.7508000e+03
   2.4506000e+03   2.7771000e+03
   2.4657000e+03   2.7974000e+03
   2.5246000e+03   2.8462000e+03
   2.5633000e+03   2.8935000e+03
   2.6115000e+03   2.8993000e+03
   2.6235000e+03   2.9184000e+03
   2.6529000e+03   2.9234000e+03
   2.6698000e+03   2.9529000e+03
   2.6827000e+03   3.0129000e+03
   2.7041000e+03   3.0349000e+03
   2.7207000e+03   3.0501000e+03
   2.7332000e+03   3.1035000e+03
   2.7571000e+03   3.1454000e+03
   2.7496000e+03   3.1351000e+03
   2.8022000e+03   3.1973000e+03
   2.8279000e+03   3.2453000e+03
   2.8504000e+03   3.2597000e+03
   2.8978000e+03   3.2942000e+03
   2.9365000e+03   3.3149000e+03
   2.9926000e+03   3.3461000e+03
   3.0388000e+03   3.4146000e+03
   3.1101000e+03   3.5505000e+03
   3.1670000e+03   3.5907000e+03
   3.1654000e+03   3.6262000e+03
   3.1767000e+03   3.6444000e+03
   3.1674000e+03   3.6889000e+03
   3.1397000e+03   3.6323000e+03
   3.1506000e+03   3.6011000e+03
   3.1636000e+03   3.6124000e+03
   3.1173000e+03   3.5960000e+03
   3.1434000e+03   3.5819000e+03
   3.1958000e+03   3.7493000e+03
   3.2414000e+03   3.6986000e+03
   3.2757000e+03   3.7360000e+03
   3.3412000e+03   3.7910000e+03
   3.3718000e+03   3.8222000e+03
   3.4075000e+03   3.8567000e+03
   3.4518000e+03   3.8844000e+03
   3.4913000e+03   3.8875000e+03
   3.5106000e+03   3.9318000e+03
   3.5441000e+03   3.9908000e+03
   3.5975000e+03   4.0712000e+03
   3.6185000e+03   4.0964000e+03
   3.6959000e+03   4.1434000e+03
   3.7114000e+03   4.1771000e+03
   3.7413000e+03   4.2098000e+03
   3.7602000e+03   4.2559000e+03
   3.7580000e+03   4.2261000e+03
   3.7949000e+03   4.2503000e+03
   3.8050000e+03   4.2843000e+03
   3.7984000e+03   4.2962000e+03
   3.7122000e+03   4.2361000e+03
   3.7520000e+03   4.2797000e+03
   3.8020000e+03   4.3681000e+03
   3.8228000e+03   4.3581000e+03
   3.8228000e+03   4.3586000e+03
   3.8383000e+03   4.4554000e+03
   3.8093000e+03   4.4644000e+03
   3.8339000e+03   4.4696000e+03
   3.8477000e+03   4.5008000e+03
   3.8772000e+03   4.5206000e+03
   3.9479000e+03   4.5364000e+03
   3.9866000e+03   4.5722000e+03
   4.0657000e+03   4.6055000e+03
   4.1376000e+03   4.6747000e+03
   4.2032000e+03   4.7711000e+03
   4.2392000e+03   4.8754000e+03
   4.2999000e+03   4.9594000e+03
   4.3330000e+03   5.0366000e+03
   4.3901000e+03   5.0845000e+03
   4.4646000e+03   5.0720000e+03
   4.5052000e+03   5.1727000e+03
   4.5908000e+03   5.1407000e+03
   4.6009000e+03   5.1939000e+03
   4.6393000e+03   5.2558000e+03
   4.6887000e+03   5.3155000e+03
   4.7707000e+03   5.3433000e+03
   4.7994000e+03   5.3465000e+03
   4.7921000e+03   5.3794000e+03
   4.8563000e+03   5.3210000e+03
   4.9104000e+03   5.4162000e+03
   4.9222000e+03   5.4931000e+03
   5.0044000e+03   5.5621000e+03
   5.0408000e+03   5.6143000e+03
   5.0806000e+03   5.6575000e+03
   5.1404000e+03   5.7085000e+03
   5.1593000e+03   5.7734000e+03
   5.1824000e+03   5.7498000e+03
   5.2361000e+03   5.7870000e+03
   5.2617000e+03   5.8313000e+03
   5.3033000e+03   5.8751000e+03
   5.3208000e+03   5.9139000e+03
   5.3410000e+03   5.9181000e+03
   5.2995000e+03   5.8782000e+03
   5.2844000e+03   5.8963000e+03
   5.3247000e+03   5.9411000e+03
   5.3450000e+03   5.9536000e+03
   5.3426000e+03   5.9924000e+03
   5.4345000e+03   6.0829000e+03
   5.4667000e+03   6.1295000e+03
   5.5271000e+03   6.1606000e+03
   5.5946000e+03   6.2482000e+03
   5.6172000e+03   6.1565000e+03
   5.6711000e+03   6.2523000e+03
   5.7327000e+03   6.2657000e+03
   5.7837000e+03   6.3581000e+03
   5.8481000e+03   6.3326000e+03
   5.8915000e+03   6.4406000e+03
   5.9387000e+03   6.4879000e+03
   5.9973000e+03   6.5740000e+03
   6.0043000e+03   6.6166000e+03
   6.0535000e+03   6.6172000e+03
   6.1076000e+03   6.6668000e+03
   6.1506000e+03   6.7062000e+03
   6.2069000e+03   6.7777000e+03
   6.2771000e+03   6.8506000e+03
   6.3146000e+03   6.9089000e+03
   6.3661000e+03   6.9468000e+03
   6.4302000e+03   7.0089000e+03
   6.4562000e+03   7.0615000e+03
   6.5660000e+03   7.1424000e+03
   6.6411000e+03   7.2415000e+03
   6.7072000e+03   7.4062000e+03
   6.8226000e+03   7.5120000e+03
   6.9131000e+03   7.5910000e+03
   7.0191000e+03   7.6465000e+03
   7.0883000e+03   7.6984000e+03
   7.1999000e+03   7.7160000e+03
   7.2864000e+03   7.7659000e+03
   7.3892000e+03   7.8877000e+03
   7.5013000e+03   8.0534000e+03
   7.5718000e+03   8.1359000e+03
   7.6459000e+03   8.2223000e+03
   7.7135000e+03   8.2346000e+03
   7.7443000e+03   8.2965000e+03
   7.7735000e+03   8.2737000e+03
   7.8077000e+03   8.4845000e+03
   7.9300000e+03   8.3855000e+03
   7.9573000e+03   8.6116000e+03
   7.9978000e+03   8.6589000e+03
   8.0520000e+03   8.6292000e+03
   8.0806000e+03   8.6496000e+03
   8.1223000e+03   8.6813000e+03
   8.1978000e+03   8.8125000e+03
   8.3121000e+03   8.9354000e+03
   8.3580000e+03   8.9864000e+03
   8.4376000e+03   9.0259000e+03
   8.4832000e+03   9.1150000e+03
   8.5558000e+03   9.1759000e+03
   8.6542000e+03   9.3034000e+03
   8.7190000e+03   9.1896000e+03
   8.8029000e+03   9.2530000e+03
   8.8656000e+03   9.3080000e+03
   8.8885000e+03   9.3587000e+03
   8.9866000e+03   9.5338000e+03
   9.0350000e+03   9.6173000e+03
   9.0907000e+03   9.6625000e+03
   9.1816000e+03   9.7888000e+03
   9.2352000e+03   9.8321000e+03
   9.2705000e+03   9.8459000e+03
   9.3100000e+03   9.8828000e+03
   9.3423000e+03   9.9361000e+03
   9.3241000e+03   9.9714000e+03
   9.3262000e+03   1.0192800e+04
   9.2435000e+03   9.9708000e+03
   9.1663000e+03   1.0036300e+04
   9.1541000e+03   1.0046900e+04
   9.1170000e+03   1.0193000e+04
   9.1616000e+03   1.0079700e+04
   9.1829000e+03   1.0080400e+04
