 14.206000 457.200000  93.800000   3.403330   3.450000   3.173330 
 14.343200 459.200000  93.300000   3.626670   3.646670   3.156670 
 14.495100 466.400000  95.000000   3.926670   4.013330   3.383330 
 14.549000 461.500000  94.100000   3.633330   3.633330   3.343330 
 14.700900 453.900000  89.600000   3.040000   2.586670   1.836670 
 14.808700 458.000000  88.300000   2.923330   2.100000   1.020000 
 14.828300 471.700000  91.100000   3.500000   3.000000   1.710000 
 14.828300 485.000000  96.200000   3.800000   3.663330   2.786670 
 14.823400 495.500000 102.900000   3.990000   3.933330   2.800000 
 14.877300 508.500000 104.400000   4.256670   4.266670   3.020000 
 14.970400 509.300000 105.400000   4.503330   4.723330   3.533330 
 15.043900 513.200000 103.000000   4.583330   4.916670   4.300000 
 15.043900 527.000000 105.600000   4.486670   4.670000   3.943330 
 15.137000 526.200000 104.100000   4.260000   4.246670   3.090000 
 15.176200 529.000000 103.400000   3.833330   3.490000   2.393330 
 15.259500 523.700000 102.800000   3.886670   3.516670   2.360000 
 15.269300 528.000000 104.200000   3.786670   3.400000   2.376670 
 15.274200 539.000000 104.000000   3.790000   3.396670   2.326670 
 15.352600 549.500000 106.900000   3.980000   3.693330   2.323330 
 15.372200 562.600000 111.000000   3.973330   3.650000   2.476670 
 15.401600 576.100000 113.000000   4.016670   3.633330   2.740000 
 15.470300 583.200000 115.100000   3.873330   3.390000   2.713330 
 15.538900 590.000000 116.800000   3.990000   3.496670   2.856670 
 15.573200 593.300000 116.300000   3.903330   3.366670   2.803330 
 15.597700 602.500000 116.600000   3.893330   3.400000   2.910000 
 15.632000 611.200000 120.100000   3.963330   3.550000   2.940000 
 15.744700 623.900000 124.200000   4.033330   3.783330   3.280000 
 15.788800 633.500000 126.200000   4.120000   3.943330   3.496670 
 15.828000 649.600000 129.700000   4.180000   4.053330   3.536670 
 15.857400 658.900000 130.700000   4.200000   4.066670   3.480000 
 15.926000 670.500000 132.600000   4.193330   3.956670   3.506670 
 15.975000 675.600000 134.500000   4.173330   4.046670   3.686670 
 16.006600 695.700000 138.300000   4.203330   4.080000   3.900000 
 16.120600 708.100000 142.100000   4.206670   4.103330   3.876670 
 16.194700 725.200000 146.900000   4.246670   4.163330   3.860000 
 16.263000 747.500000 150.900000   4.473330   4.523330   4.156670 
 16.394100 770.800000 156.600000   4.770000   4.963330   4.633330 
 16.559400 779.900000 156.600000   4.780000   4.980000   4.596670 
 16.718900 793.100000 158.500000   5.140000   5.576670   5.050000 
 16.844300 806.900000 158.200000   5.003330   5.400000   5.246670 
 16.878500 817.800000 157.300000   4.583330   4.650000   4.536670 
 16.992400 822.300000 159.400000   4.820000   4.626670   3.660000 
 17.174800 837.000000 162.300000   5.246670   5.233330   4.343330 
 17.317200 852.700000 167.800000   5.643330   5.646670   4.786670 
 17.499600 879.800000 172.000000   5.610000   5.646670   5.066670 
 17.699000 904.100000 173.400000   5.743330   5.893330   5.513330 
 17.915600 919.300000 175.800000   5.460000   5.450000   5.223330 
 18.132100 936.200000 181.900000   5.770000   5.750000   5.583330 
 18.337200 960.900000 189.500000   6.176670   6.306670   6.140000 
 18.656300 976.100000 189.800000   6.353330   6.530000   6.243330 
 18.924200 996.300000 193.700000   6.856670   7.456670   7.050000 
 19.186300 1004.500000 189.000000   7.296670   7.773330   7.320000 
 19.471200 1017.100000 191.600000   7.366670   7.726670   7.263330 
 19.784600 1033.100000 191.300000   7.713330   7.723330   6.750000 
 20.006800 1050.500000 195.100000   7.460000   7.376670   6.373330 
 20.269000 1052.700000 197.700000   6.853330   6.320000   5.360000 
 20.422800 1098.100000 200.600000   6.016670   5.060000   3.866670 
 20.656500 1118.800000 209.700000   6.246670   5.836670   4.206670 
 20.861600 1139.100000 215.600000   6.483330   6.326670   5.053330 
 20.975600 1151.400000 220.800000   5.890000   5.393330   4.233330 
 21.140800 1190.100000 232.200000   6.033330   5.316670   3.436670 
 21.311800 1225.600000 237.400000   6.143330   5.690000   3.746670 
 21.505500 1249.300000 239.700000   6.290000   5.876670   4.240000 
 21.699200 1286.600000 255.100000   6.373330   6.000000   4.853330 
 22.001300 1335.100000 269.500000   6.603330   6.570000   5.640000 
 22.485600 1371.500000 274.500000   6.806670   6.816670   6.610000 
 22.981400 1390.700000 277.700000   7.206670   7.560000   8.390000 
 23.517000 1431.800000 280.100000   6.753330   6.873330   7.466670 
 24.178000 1446.500000 283.000000   7.053330   7.023330   7.603330 
 24.861800 1484.800000 291.400000   7.543330   8.156670   8.270000 
 25.619700 1513.700000 297.800000   7.960000   8.493330   8.290000 
 26.366200 1552.800000 294.400000   7.670000   7.616670   7.336670 
 26.844800 1569.400000 291.300000   7.540000   6.896670   5.876670 
 27.266500 1605.000000 288.800000   8.050000   7.440000   5.403330 
 27.847700 1662.400000 303.200000   8.296670   8.056670   6.336670 
 28.292200 1713.900000 315.100000   8.063330   7.566670   5.683330 
 28.565700 1771.900000 330.500000   7.753330   7.060000   4.953330 
 28.919000 1804.200000 334.900000   7.770000   7.140000   5.173330 
 29.380600 1837.700000 340.900000   7.730000   6.880000   5.170000 
 29.711100 1884.500000 358.400000   7.190000   6.003330   4.700000 
 30.235400 1938.500000 378.700000   7.353330   6.376670   4.623330 
 30.885000 2005.200000 404.500000   7.370000   6.416670   4.826670 
 31.335100 2066.000000 415.100000   7.356670   6.713330   5.470000 
 31.682700 2110.800000 427.800000   7.596670   7.236670   6.136670 
 32.218400 2149.100000 437.800000   8.010000   7.660000   6.410000 
 33.056000 2274.700000 483.700000   8.320000   8.073330   6.483330 
 33.836700 2335.200000 507.100000   8.490000   8.426670   7.320000 
 34.520500 2416.000000 528.500000   8.820000   8.996670   8.680000 
 35.380900 2463.300000 536.400000   9.106670   9.390000   9.360000 
 36.594700 2526.400000 551.000000   9.113330   9.266670   9.373330 
 37.802700 2599.700000 579.500000   9.103330   9.256670   9.633330 
 38.908200 2659.400000 586.700000  10.446700  10.946700  11.803300 
 40.424000 2724.100000 597.000000  11.986700  12.590000  13.463300 
 41.882700 2728.000000 562.600000  10.476700  10.123300  10.050000 
 42.674800 2785.200000 575.200000  10.953300  10.490000   9.236670 
 43.791700 2915.300000 608.500000  12.423300  12.990000  13.710000 
 44.948400 3051.400000 631.900000  12.960000  13.390000  14.373300 
 45.991200 3084.300000 645.200000  13.750000  14.486700  14.826700 
 47.307600 3177.000000 654.000000  14.846700  15.790000  15.086700 
 47.985700 3194.700000 666.700000  14.086700  14.090000  12.023300 
 48.378800 3184.900000 654.700000  14.293300  14.500000  12.893300 
 49.119600 3240.900000 647.700000  13.930000  14.143300  12.360000 
 50.048500 3274.400000 635.200000  13.113300  12.883300   9.710000 
 50.151000 3312.500000 640.200000  10.666700  10.160000   7.936670 
 50.128200 3381.000000 649.600000  10.563300   9.796670   8.080000 
 50.755000 3482.200000 669.600000  10.543300   9.913330   8.420000 
 51.364800 3587.100000 707.600000  11.626700  11.090000   9.186670 
 51.809200 3688.100000 744.800000  11.686700  10.986700   8.793330 
 52.373400 3807.400000 769.600000  11.943300  11.190000   9.133330 
 52.948900 3906.300000 802.800000  13.200000  12.636700   9.843330 
 53.518700 3976.000000 821.300000  12.866700  12.640000  10.343300 
 53.911900 4034.000000 844.500000  11.743300  11.103300   8.973330 
 54.265200 4117.200000 852.900000  11.583300  10.676700   8.183330 
 54.914800 4175.700000 871.700000  10.813300   9.763330   7.523330 
 55.319400 4258.300000 876.000000  10.336700   9.286670   7.103330 
 55.815200 4318.700000 892.200000   9.760000   8.843330   7.146670 
 55.951900 4382.400000 898.600000   8.556670   7.936670   6.886670 
 55.815200 4423.200000 907.800000   7.603330   7.180000   6.130000 
 56.231100 4491.300000 920.600000   7.306670   6.656670   5.533330 
 56.550200 4543.300000 925.800000   7.263330   6.483330   5.340000 
 57.177100 4611.100000 915.800000   7.193330   6.516670   5.533330 
 57.923500 4686.700000 934.800000   8.343330   7.720000   5.733330 
 58.573200 4764.500000 956.500000   8.876670   8.146670   6.033330 
 59.080300 4883.100000 961.400000   9.123330   8.290000   6.003330 
 59.432500 4948.600000 962.100000   8.416670   7.583330   5.760000 
 60.183500 5059.300000 987.100000   8.910000   8.096670   6.230000 
 60.985700 5142.800000 993.900000   9.100000   8.593330   6.993330 
 61.617200 5251.000000 1013.900000   8.956670   8.753330   7.703330 
 62.300000 5360.300000 1027.000000   9.210000   9.376670   8.533330 
 63.324100 5453.600000 1037.200000   8.773330   8.916670   8.440000 
 63.836100 5532.900000 1062.600000   8.106670   8.073330   7.850000 
 64.450600 5581.700000 1052.900000   7.906670   7.863330   7.633330 
 65.560100 5708.100000 1078.500000   8.423330   8.383330   7.756670 
 66.225700 5797.400000 1062.600000   8.676670   8.623330   7.766670 
 67.369300 5850.600000 1060.700000   8.703330   8.250000   7.493330 
 68.461700 5846.000000 1046.900000   8.396670   7.760000   7.023330 
 69.025000 5880.200000 1019.900000   8.016670   7.270000   6.053330 
 69.434600 5962.000000 1023.400000   8.130000   7.246670   5.593330 
 69.980800 6033.700000 1026.300000   7.940000   6.893330   5.406670 
 70.509900 6092.500000 1024.800000   7.346670   5.840000   4.583330 
 71.004900 6190.700000 1037.000000   7.303330   5.766670   3.910000 
 71.585200 6295.200000 1066.800000   7.376670   5.780000   3.723330 
 72.148500 6389.700000 1077.600000   6.616670   4.683330   3.130000 
 72.660600 6493.600000 1104.700000   6.743330   4.996670   3.076670 
 73.275000 6544.500000 1111.400000   6.280000   4.636670   2.993330 
 73.838300 6622.700000 1139.100000   5.990000   4.410000   2.983330 
 74.128400 6688.300000 1155.900000   5.616670   4.320000   3.020000 
 74.640500 6813.800000 1201.600000   5.606670   4.406670   3.080000 
 75.118400 6916.300000 1208.900000   6.066670   4.903330   3.250000 
 75.596300 7044.300000 1242.800000   7.083330   6.200000   4.036670 
 76.262000 7131.800000 1268.600000   7.333330   6.556670   4.510000 
 76.620400 7248.200000 1297.300000   7.836670   7.396670   5.283330 
 77.252000 7307.700000 1330.500000   7.483330   7.266670   5.780000 
 77.934700 7355.800000 1333.900000   6.620000   6.250000   5.623330 
 78.276100 7452.500000 1346.300000   6.323330   5.960000   5.380000 
 78.651600 7542.500000 1371.100000   5.893330   5.576670   5.270000 
 79.368500 7638.200000 1402.500000   5.910000   5.376670   4.950000 
 80.153600 7800.000000 1439.700000   6.720000   6.290000   5.040000 
 80.580300 7892.700000 1474.600000   6.780000   6.356670   5.136670 
 81.160700 8023.000000 1497.800000   6.343330   5.936670   4.970000 
 81.706800 8137.000000 1524.600000   6.563330   6.190000   5.063330 
 82.031100 8276.800000 1549.600000   6.696670   6.423330   5.073330 
 82.355500 8409.900000 1600.700000   6.243330   6.013330   5.056670 
 82.679800 8505.700000 1605.000000   5.906670   5.780000   5.086670 
 82.901600 8600.600000 1636.500000   5.586670   5.460000   5.076670 
 83.345400 8698.600000 1692.800000   5.596670   5.570000   5.006670 
 83.669700 8847.200000 1733.300000   5.203330   5.110000   4.880000 
 83.959900 9027.500000 1777.000000   4.670000   4.410000   4.313330 
 84.284200 9148.600000 1810.500000   4.983330   4.873330   4.423330 
 85.103500 9252.600000 1853.400000   5.540000   5.353330   4.460000 
 85.632600 9405.100000 1893.000000   5.883330   5.713330   4.693330 
 86.161700 9607.700000 1915.400000   6.140000   6.000000   5.053330 
 87.015100 9709.500000 1976.200000   6.480000   6.556670   5.536670 
 87.936800 9949.100000 2021.300000   6.176670   6.520000   5.773330 
 88.636700 10017.500000 2039.800000   5.893330   6.156670   6.010000 
 89.114600 10129.800000 2050.700000   5.566670   5.633330   6.036670 
 89.968000 10165.100000 2044.500000   5.050000   4.636670   4.900000 
 90.906800 10301.300000 2041.800000   5.270000   4.426670   3.683330 
 91.026200 10305.200000 2014.700000   4.980000   3.933330   3.266670 
 90.770200 10373.100000 1988.000000   4.770000   3.326670   1.956670 
 91.094500 10498.700000 1979.200000   5.076670   3.750000   1.733330 
 92.084500 10601.900000 1975.700000   5.100000   3.766670   1.723330 
 92.477100 10701.700000 1978.900000   4.260000   2.616670   1.646670 
 92.767200 10766.900000 1979.900000   4.006670   2.266670   1.346670 
 93.706000 10888.400000 1991.800000   3.920000   2.070000   1.150000 
 94.047400 11008.100000 2033.300000   3.620000   1.773330   1.053330 
 94.508200 11255.700000 2102.700000   4.233330   2.200000   0.930000 
 94.525300 11416.500000 2148.700000   4.286670   2.383330   0.920000 
 95.378700 11597.200000 2163.600000   4.020000   2.173330   0.916667 
 96.744200 11778.400000 2252.200000   4.600000   2.976670   1.080000 
 97.085600 11950.500000 2318.600000   4.303330   2.920000   1.493330 
 97.665900 12144.900000 2369.800000   4.173330   3.050000   2.003330 
 98.280300 12379.500000 2417.700000   4.296670   3.613330   2.533330 
 99.594600 12516.800000 2486.700000   4.160000   3.733330   2.870000 
100.806000 12741.600000 2552.200000   4.213330   3.983330   3.373330 
101.319000 12915.600000 2600.500000   4.490000   4.370000   3.830000 
101.865000 13183.500000 2680.300000   4.570000   4.576670   4.373330 
103.589000 13347.800000 2707.100000   5.070000   4.983330   4.700000 
104.169000 13452.900000 2691.900000   4.896670   4.870000   4.920000 
103.281000 13611.500000 2689.800000   4.630000   4.646670   4.893330 
104.334000 13789.500000 2704.200000   4.680000   4.683330   4.980000 
106.334000 14008.200000 2737.100000   4.846670   4.763330   4.756670 
106.628000 14158.200000 2734.300000   4.730000   4.406670   4.393330 
107.386000 14291.300000 2714.700000   4.260000   3.496670   3.510000 
108.607000 14328.400000 2685.200000   3.663330   2.166670   2.150000 
110.991000 14471.800000 2688.800000   3.886670   2.666670   1.640000 
112.282000 14484.900000 2647.000000   3.863330   2.630000   1.656670 
109.106000 14191.200000 2512.400000   3.253330   1.480000   0.393333 
108.563000 14049.700000 2280.400000   2.736670   1.270000   0.226667 
109.714000 14034.500000 2216.000000   3.313330   1.490000   0.176667 
110.459000 14114.700000 2200.300000   3.516670   1.560000   0.166667 
110.682000 14277.300000 2182.400000   3.460000   1.386670   0.070000 
111.126000 14446.400000 2180.800000   3.716670   1.466670   0.103333 
111.654000 14578.700000 2267.000000   3.490000   1.376670   0.143333 
111.758000 14750.200000 2288.500000   2.786670   0.833333   0.153333 