 1.008 
 0
 1.049 
 1.751 
 2.250 
 0.758 
 0
 1.950 
 0.336 
-1.429 
-0.020 
-1.035 
-2.806 
 0 
-0.420 
 0.148 
-0.046 
-1.701 
-1.924 
-2.604 
-2.388 
-4.031 
-3.076 
-1.230 
-1.177 
-0.257 
-0.107 
 1.189 
 1.150 
 1.658 
 2.828 
 3.174 
 1.683 
 0.371 
 0.213 
 1.265 
 1.227 
 1.660 
 0.363 
-0.600 
 0 
-1.214 
 0.000 
 1.291 
 0.120 
 0 
-0.070 
-0.284 
 0
-2.831 
-2.916 
-2.970 
-3.119 
 0 
-1.734 
-1.990 
-2.750 
-3.835 
-1.841 
-2.746 
-2.277 
 0 
-0.555 
-0.579 
-2.012 
-1.639 
 0 
-2.246 
 1.738 
 1.298 
-0.850 
 0.389 
 2.699 
 1.734 
 2.723 
 2.469 
 2.960 
 2.145 
 1.450 
 0 
 0.669 
 1.808 
 0.931 
 0.141 
 1.143 
 0
 2.004 
-0.591 
 0 
-0.598 
 0.376 
-0.890 
-1.778 
 0 
-0.513 
-1.478 
 0 
 0.587 
-0.478 
-1.309
