 2354 
 2505 
 2677 
 2864 
 3059 
 3257 
 3451 
 3636 
 3807 
 3956 
 4078 
 4168 
 4218 
 4225 
 4190 
 4116 
 4006 
 3861 
 3686 
 3480 
 3248 
 2991 
 2712 
 2412 
 2094 
 1761 
 1415 
 1058 
 692 
 319 
-57 
-435 
-812 
-1187 
-1557 
-1919 
-2272 
-2612 
-2938 
-3248 
-3538 
-3808 
-4053 
-4273 
-4465 
-4626 
-4755 
-4848 
-4905 
-4920 
-4790 
-4520 
-4218 
-3942 
-3635 
-3298 
-2937 
-2556 
-2161 
-1756 
-1347 
-939 
-537 
-146 
 229 
 583 
 912 
 1209 
 1470 
 1690 
 1863 
 1986 
 2051 
 2035 
 1814 
 1488 
 1207 
 1051 
 916 
 793 
 682 
 583 
 495 
 420 
 361 
 316 
 272 
 210 
-25 
-627 
-1592 
-2694 
-3703 
-4393 
-4562 
-4532 
-4468 
-4378 
-4266 
-4139 
-4004 
-3841 
-3552 
-3218 
-2945 
-2804 
-2713 
-2619 
-2522 
-2411 
-2292 
-2165 
-2030 
-1886 
-1724 
-1537 
-1333 
-1114 
-886 
-655 
-425 
-201 
 11 
 208 
 383 
 532 
 650 
 731 
 771 
 715 
 454 
 150 
-127 
-441 
-783 
-1144 
-1516 
-1891 
-2259 
-2612 
-2941 
-3238 
-3494 
-3700 
-3848 
-3930 
-3928 
-3791 
-3565 
-3316 
-3103 
-2888 
-2654 
-2404 
-2143 
-1875 
-1605 
-1338 
-1077 
-827 
-592 
-377 
-186 
-24 
 105 
 198 
 248 
 249 
 167 
 13 
-190 
-422 
-658 
-878 
-1060 
-1202 
-1350 
-1500 
-1647 
-1783 
-1903 
-1999 
-2066 
-2097 
-2095 
-2079 
-2053 
-1992 
-1872 
-1700 
-1480 
-1219 
-922 
-595 
-244 
 125 
 508 
 898 
 1290 
 1677 
 2055 
 2417 
 2757 
 3071 
 3351 
 3594 
 3792 
 3940 
 4033 
 4064 
 3979 
 3768 
 3491 
 3206 
 2921 
 2577 
 2187 
 1766 
 1326 
 882 
 447 
 36 
-338 
-662 
-921 
-1103 
-1192 
-1196 
-1185 
-1168 
-1148 
-1126 
-1106 
-1038 
-874 
-637 
-142 
 621 
 1386 
 1885 
 1938 
 1842 
 1692 
 1531 
 1397 
 1278 
 1131 
 968 
 794 
 611 
 426 
 241 
 63 
-105 
-259 
-394 
-506 
-590 
-651 
-697 
-738 
-785 
-847 
-925 
-1024 
-1145 
-1276 
-1406 
-1525 
-1622 
-1685 
-1704 
-1660 
-1560 
-1419 
-1254 
-1078 
-822 
-475 
-69 
 361 
 783 
 1161 
 1464 
 1656 
 1707 
 1678 
 1617 
 1530 
 1427 
 1316 
 1207 
 1089 
 942 
 774 
 588 
 393 
 192 
-5 
-197 
-374 
-532 
-665 
-766 
-830 
-850 
-702 
-421 
-195 
 2502 
 2313 
 2184 
 2028 
 1845 
 1649 
 1448 
 1247 
 1055 
 878 
 723 
 597 
 507 
 459 
 471 
 592 
 800 
 1065 
 1366 
 1972 
 2794 
 3528 
 3870 
 3824 
 3693 
 3518 
 3335 
 3178 
 3009 
 2821 
 2621 
 2419 
 2222 
 2039 
 1878 
 1748 
 1657 
 1614 
 1637 
 1747 
 1918 
 2126 
 2661 
 3162 
 3149 
 2983 
 2718 
 2382 
 2007 
 1622 
 1255 
 939 
 650 
 327 
-9 
-338 
-638 
-887 
-1064 
-1147 
-1054 
-830 
-650 
-452 
-246 
-38 
 162 
 348 
 511 
 643 
 737 
 783 
 763 
 643 
 456 
 239 
-2 
-348 
-771 
-1226 
-1672 
-2064 
-2361 
-2518 
-2176 
-1158 
-728 
-312 
 95 
 489 
 864 
 1215 
 1538 
 1827 
 2079 
 2287 
 2447 
 2553 
 2602 
 2584 
 2492 
 2330 
 2106 
 1827 
 1500 
 1130 
 727 
 295 
-157 
-625 
-1099 
-1574 
-2043 
-2499 
-2935 
-3344 
-3720 
-4055 
-4343 
-4576 
-4749 
-4854 
-4884 
-4837 
-4737 
-4614 
-4498 
-4411 
-4320 
-4234 
-4169 
-4143 
-4190 
-4294 
-4387 
-4462 
-4541 
-4611 
-4661 
-4677 
-4615 
-4488 
-4359 
-4289 
-4270 
-4273 
-4331 
-4402 
-4465 
-4536 
-4612 
-4685 
-4751 
-4804 
-4837 
-4845 
-4761 
-4568 
-4287 
-3941 
-3554 
-3142 
-2527 
-1667 
-637 
 486 
 1627 
 2711 
 3660 
 4399 
 4851 
 4944 
 4731 
 4432 
 4204 
 3959 
 3700 
 3440 
 3190 
 2964 
 2771 
 2626 
 2540 
 2525 
 2576 
 2677 
 2813 
 2969 
 3130 
 3299 
 3578 
 4036 
 4600 
 5171 
 5649 
 5937 
 5898 
 5422 
 4916 
 4431 
 3889 
 3316 
 2738 
 2181 
 1672 
 1236 
 900 
 690 
 632 
 709 
 869 
 1063 
 1245 
 1450 
 1693 
 1946 
 2180 
 2366 
 2475 
 2459 
 2344 
 2276 
 2211 
 2160 
 2132 
 2165 
 2281 
 2402 
 2534 
 2646 
 2705 
 2465 
 2107 
 1827 
 1541 
 1250 
 957 
 661 
 364 
 68 
-226 
-518 
-806 
-1089 
-1365 
-1634 
-1894 
-2143 
-2382 
-2607 
-2819 
-3016 
-3197 
-3360 
-3505 
-3630 
-3733 
-3815 
-3873 
-3906 
-3912 
-3883 
-3844 
-3824 
-3812 
-3860 
-4041 
-4270 
-4456 
-4610 
-4716 
-4681 
-4518 
-4276 
-3993 
-3547 
-2953 
-2295 
-1654 
-1114 
-757 
-601 
-503 
-380 
-239 
-63 
 113 
 304 
 508 
 722 
 940 
 1159 
 1375 
 1583 
 1780 
 1962 
 2124 
 2262 
 2372 
 2450 
 2493 
 1728 
 1082 
 495 
-15 
-432 
-739 
-917 
-953 
-869 
-706 
-499 
-282 
-88 
 145 
 264 
 33 
-398 
-992 
-1805 
-2770 
-3817 
-4877 
-5883 
-6764 
-7453 
-7880 
-7983 
-7876 
-7687 
-7495 
-7330 
-7158 
-6980 
-6800 
-6621 
-6446 
-6279 
-6123 
-5982 
-5860 
-5758 
-5663 
-5570 
-5483 
-5392 
-5284 
-5167 
-5038 
-4880 
-4676 
-4371 
-3852 
-3152 
-2319 
-1401 
-443 
 506 
 1401 
 2193 
 2836 
 3283 
 3486 
 3420 
 3180 
 2901 
 2679 
 2446 
 2196 
 1936 
 1671 
 1408 
 1153 
 913 
 694 
 503 
 345 
 227 
 156 
 140 
 262 
 485 
 752 
 1161 
 1554 
 1735 
 1653 
 1455 
 1232 
 1066 
 911 
 753 
 604 
 482 
 401 
 377 
 437 
 569 
 738 
 911 
 1090 
 1294 
 1518 
 1753 
 1995 
 2237 
 2470 
 2739 
 3119 
 3579 
 4097 
 4651 
 5218 
 5775 
 6301 
 6772 
 7166 
 7461 
 7633 
 7660 
 7540 
 7302 
 6985 
 6623 
 6253 
 5881 
 5408 
 4852 
 4250 
 3634 
 3042 
 2506 
 2063 
 1748 
 1593 
 1537 
 1500 
 1460 
 1421 
 1358 
 1267 
 1148 
 1002 
 829 
 629 
 363 
 28 
-369 
-819 
-1312 
-1840 
-2393 
-2962 
-3539 
-4113 
-4677 
-5221 
-5736 
-6212 
-6642 
-7016 
-7324 
-7558 
-7708 
-7766 
-7667 
-7395 
-7056 
-6733 
-6382 
-5997 
-5580 
-5136 
-4669 
-4181 
-3677 
-3160 
-2634 
-2103 
-1570 
-1039 
-514 
 0 
 503 
 989 
 1454 
 1895 
 2309 
 2690 
 3037 
 3345 
 3610 
 3829 
 3998 
 4114 
 4172 
 3625 
 2946 
 2301 
 1652 
 1005 
 365 
-262 
-872 
-1459 
-2018 
-2543 
-3030 
-3473 
-3866 
-4205 
-4484 
-4698 
-4842 
-4910 
-4908 
-4876 
-4827 
-4759 
-4660 
-4534 
-4388 
-4217 
-3936 
-3626 
-3217 
-2742 
-2231 
-1713 
-1218 
-775 
-414 
-164 
-54 
-708 
-1403 
-2143 
-2905 
-3667 
-4406 
-5098 
-5720 
-6249 
-6664 
-6939 
-7054 
-7028 
-6938 
-6802 
-6635 
-6455 
-6277 
-6064 
-5805 
-5508 
-5186 
-4846 
-4500 
-4158 
-3828 
-3522 
-3249 
-3020 
-2844 
-2731 
-2691 
-2726 
-2818 
-2948 
-3094 
-3237 
-3358 
-3468 
-3591 
-3713 
-3824 
-3912 
-3964 
-3966 
-3877 
-3710 
-3493 
-3251 
-3013 
-2805 
-2627 
-2446 
-2266 
-2094 
-1934 
-1792 
-1676 
-1577 
-1473 
-1347 
-1205 
-1051 
-884 
-704 
-544 
-333 
 517 
 4909 
 5520 
 5744 
 5952 
 6333 
 6968 
 7663 
 8196 
 8354 
 8210 
 8008 
 7892 
 7788 
 7683 
 7577 
 7472 
 7369 
 7267 
 7168 
 7072 
 6981 
 6895 
 6815 
 6742 
 6676 
 6618 
 6569 
 6530 
 6502 
 6485 
 6480 
 6501 
 6551 
 6620 
 6700 
 6783 
 6861 
 6956 
 7069 
 7192 
 7315 
 7429 
 7526 
 7596 
 7631 
 7599 
 7472 
 7326 
 7157 
 6959 
 6737 
 6497 
 6244 
 5984 
 5721 
 5462 
 5212 
 4975 
 4759 
 4568 
 4407 
 4282 
 4198 
 4162 
 4242 
 4423 
 4605 
 4786 
 4879 
 4853 
 4772 
 4654 
 4520 
 4389 
 4258 
 4097 
 3916 
 3723 
 3528 
 3339 
 3167 
 3020 
 2907 
 2838 
 2823 
 2904 
 3071 
 3287 
 3644 
 4270 
 4858 
 5087 
 4970 
 4793 
 4576 
 4320 
 4043 
 3762 
 3498 
 3269 
 3094 
 2990 
 2940 
 2909 
 2884 
 2857 
 2816 
 2737 
 2545 
 2259 
 1912 
 1399 
 608 
-311 
-1210 
-1934 
-2334 
-2317 
-2049 
-1615 
-1085 
-530 
-20 
 374 
 584 
 7703 
 7360 
 7047 
 6767 
 6521 
 6311 
 6137 
 6001 
 5905 
 5850 
-13198 
-20126 
-23949 
-23940 
-23887 
-23801 
-23684 
-23536 
-23361 
-23161 
-22936 
-22691 
-22425 
-22141 
-21842 
-21530 
-21205 
-20871 
-20529 
-20181 
-19829 
-19476 
-19122 
-18771 
-18424 
-18084 
-17752 
-17429 
-17119 
-16822 
-16542 
-16280 
-16038 
-15818 
-15649 
-15385 
-14667 
-13585 
-12271 
-10855 
-9466 
-8235 
-7292 
-6768 
-6603 
-6505 
-6430 
-6338 
-6201 
-6020 
-5796 
-5499 
-5066 
-4472 
-3747 
-2923 
-2032 
-1105 
-175 
 726 
 1567 
 2316 
 2937 
 3380 
 3866 
 4387 
 4917 
 5431 
 5903 
 6309 
 6621 
 6829 
 6958 
 7074 
 7191 
 7308 
 7422 
 7532 
 7636 
 7732 
 7820 
 7896 
 7959 
 8008 
 8040 
 8055 
 8046 
 8010 
 7950 
 7873 
 7783 
 7688 
 7591 
 7498 
 7392 
 7265 
 7121 
 6966 
 6805 
 6643 
 6484 
 6334 
 6197 
 6079 
 5984 
 5917 
 5883 
 5892 
 5947 
 6019 
 6078 
 6107 
 6133 
 6150 
 6156 
 6115 
 6019 
 5885 
 5735 
 5586 
 5459 
 5343 
 5215 
 5093 
 4994 
 4938 
 4929 
 4925 
 4922 
 4920 
 4918 
 4916 
 4913 
 4909 
 4903 
 4896 
 4885 
 4865 
 4798 
 4700 
 4594 
 4475 
 4339 
 4188 
 4025 
 3851 
 3670 
 3485 
 3296 
 3107 
 2921 
 2739 
 2564 
 2399 
 2246 
 2107 
 1985 
 1883 
 1802 
 1745 
 1715 
 1700 
 1688 
 1678 
 1670 
 1663 
 1657 
 1651 
 1644 
 1639 
 1634 
 1630 
 1626 
 1621 
 1616 
 1610 
 1603 
 1594 
 1572 
 1527 
 1467 
 1398 
 1326 
 1260 
 1203 
 1146 
 1087 
 1024 
 960 
 894 
 827 
 759 
 692 
 626 
 561 
 499 
 439 
 383 
 330 
 282 
 239 
 202 
 171 
 147 
 131 
 123 
 124 
 136 
 156 
 184 
 218 
 256 
 296 
 336 
 376 
 417 
 471 
 533 
 600 
 669 
 736 
 799 
 852 
 894 
 921 
 928 
 870 
 745 
 587 
 428 
 303 
 194 
 79 
-39 
-161 
-283 
-405 
-524 
-639 
-748 
-849 
-941 
-1023 
-1092 
-1146 
-1185 
-1207 
-1208 
-1185 
-1145 
-1098 
-1055 
-1022 
-987 
-950 
-916 
-887 
-866 
-858 
-878 
-935 
-1010 
-1085 
-1146 
-1209 
-1276 
-1347 
-1418 
-1489 
-1556 
-1617 
-1671 
-1716 
-1750 
-1770 
-1774 
-1762 
-1741 
-1718 
-1700 
-1695 
-1714 
-1754 
-1807 
-1865 
-1930 
-2018 
-2124 
-2240 
-2360 
-2477 
-2583 
-2674 
-2741 
-2777 
-2766 
-2650 
-2461 
-2246 
-2028 
-1741 
-1403 
-1045 
-697 
-390 
-155 
-22 
-8 
-40 
-96 
-167 
-245 
-322 
-388 
-435 
-471 
-507 
-541 
-571 
-597 
-615 
-624 
-622 
-607 
-586 
-567 
-557 
-559 
-567 
-581 
-599 
-621 
-652 
-737 
-858 
-986 
-1090 
-1195 
-1305 
-1412 
-1501 
-1563 
-1587 
-1563 
-1495 
-1387 
-1245 
-1073 
-877 
-660 
-428 
-186 
 61 
 309 
 554 
 789 
 1011 
 1213 
 1393 
 1544 
 1662 
 1748 
 1817 
 1875 
 1924 
 1968 
 2011 
 2055 
 2105 
 2163 
 2233 
 2320 
 2548 
 2847 
 2987 
 3044 
 3087 
 3122 
 3161 
 3208 
 3259 
 3308 
 3349 
 3376 
 3384 
 3370 
 3335 
 3284 
 3218 
 3140 
 3052 
 2957 
 2858 
 2757 
 2657 
 2542 
 2369 
 2173 
 1993 
 1871 
 1835 
 1826 
 1817 
 1809 
 1801 
 1793 
 1783 
 1769 
 1742 
 1678 
 1583 
 1465 
 1332 
 1191 
 1052 
 922 
 808 
 703 
 593 
 479 
 362 
 243 
 123 
 1 
-119 
-240 
-360 
-477 
-592 
-703 
-810 
-911 
-1007 
-1097 
-1179 
-1253 
-1319 
-1375 
-1421 
-1456 
-1480 
-1498 
-1512 
-1523 
-1533 
-1542 
-1550 
-1559 
-1570 
-1583 
-1597 
-1615 
-1643 
-1667 
-1684 
-1701 
-1719 
-1736 
-1753 
-1769 
-1783 
-1797 
-1809 
-1819 
-1827 
-1832 
-1835 
-1824 
-1767 
-1698 
-1621 
-1530 
-1432 
-1333 
-1238 
-1153 
-1085 
-1039 
-1011 
-991 
-975 
-957 
-933 
-897 
-845 
-786 
-724 
-665 
-606 
-540 
-456 
-364 
-273 
-196 
-144 
-122 
-113 
-100 
-77 
-46 
-9 
 34 
 82 
 134 
 189 
 246 
 303 
 381 
 485 
 573 
 604 
 580 
 525 
 450 
 367 
 287 
 219 
 149 
 73 
-7 
-91 
-177 
-263 
-348 
-430 
-508 
-581 
-647 
-704 
-751 
-788 
-811 
-820 
-813 
-796 
-780 
-761 
-741 
-723 
-710 
-707 
-749 
-810 
-843 
-869 
-895 
-918 
-939 
-956 
-969 
-976 
-976 
-959 
-927 
-883 
-832 
-777 
-721 
-669 
-616 
-549 
-478 
-413 
-364 
-342 
-350 
-377 
-417 
-463 
-508 
-550 
-601 
-655 
-703 
-738 
-755 
-764 
-771 
-778 
-787 
-805 
-846 
-898 
-945 
-972 
-979 
-985 
-990 
-993 
-995 
-996 
-954 
-862 
-756 
-617 
-455 
-278 
-96 
 82 
 249 
 394 
 510 
 586 
 613 
 612 
 609 
 606 
 603 
 603 
 606 
 615 
 628 
 646 
 666 
 689 
 715 
 742 
 771 
 800 
 830 
 859 
 889 
 926 
 970 
 1017 
 1063 
 1106 
 1153 
 1204 
 1257 
 1311 
 1364 
 1415 
 1460 
 1499 
 1529 
 1549 
 1557 
 1547 
 1514 
 1464 
 1401 
 1333 
 1264 
 1199 
 1144 
 1097 
 1047 
 995 
 942 
 887 
 832 
 778 
 725 
 673 
 624 
 578 
 535 
 497 
 464 
 436 
 415 
 400 
 393 
 412 
 502 
 628 
 745 
 813 
 862 
 909 
 952 
 989 
 1019 
 1040 
 1050 
 1049 
 1040 
 1024 
 1004 
 980 
 930 
 853 
 775 
 684 
 651 
 631 
 613 
 599 
 586 
 575 
 564 
 553 
 541 
 527 
 511 
 492 
 470 
 446 
 420 
 392 
 362 
 331 
 299 
 267 
 234 
 202 
 170 
 138 
 108 
 79 
 51 
 22 
-8 
-38 
-67 
-92 
-111 
-122 
-127 
-130 
-138 
-190 
-276 
-365 
-428 
-486 
-546 
-603 
-655 
-696 
-723 
-733 
-725 
-713 
-707 
-705 
-701 
-694 
-677 
-652 
-623 
-592 
-560 
-521 
-477 
-428 
-376 
-322 
-266 
-210 
-155 
-102 
-51 
-5 
 35 
 71 
 98 
 118 
 128 
 126 
 105 
 85 
 70 
 56 
 45 
 40 
 47 
 66 
 91 
 127 
 171 
 221 
 273 
 323 
 367 
 404 
 428 
 437 
 432 
 418 
 401 
 387 
 381 
 395 
 431 
 477 
 545 
 608 
 607 
 604 
 599 
 592 
 583 
 573 
 560 
 546 
 467 
 211 
-33 
-163 
-291 
-419 
-544 
-666 
-783 
-893 
-995 
-1087 
-1168 
-1236 
-1289 
-1326 
-1346 
-1346 
-1326 
-1279 
-1167 
-1002 
-797 
-567 
-326 
-89 
 129 
 315 
 455 
 533 
 546 
 550 
 553 
 554 
 555 
 556 
 556 
 556 
 543 
 501 
 443 
 381 
 330 
 288 
 245 
 203 
 164 
 128 
 97 
 72 
 52 
 34 
 18 
 4 
-9 
-23 
-39 
-57 
-78 
-103 
-135 
-176 
-223 
-276 
-334 
-394 
-457 
-520 
-583 
-647 
-716 
-792 
-879 
-980 
-1099 
-1296 
-1575 
-1903 
-2252 
-2591 
-2888 
-3113 
-3236 
-3236 
-3160 
-3038 
-2896 
-2757 
-2601 
-2418 
-2218 
-2005 
-1789 
-1575 
-1371 
-1184 
-1021 
-890 
-796 
-744 
-711 
-672 
-630 
-588 
-545 
-501 
-457 
-411 
-365 
-316 
-265 
-216 
-164 
-110 
-56 
-4 
 46 
 91 
 132 
 165 
 193 
 211 
 213 
 213 
 162 
 56 
-56 
-157 
-269 
-391 
-521 
-655 
-792 
-931 
-1067 
-1200 
-1326 
-1444 
-1551 
-1645 
-1724 
-1785 
-1827 
-1846 
-1821 
-1715 
-1566 
-1417 
-1291 
-1154 
-1008 
-855 
-699 
-543 
-391 
-244 
-108 
 16 
 124 
 212 
 279 
 319 
 342 
 357 
 369 
 381 
 395 
 414 
 433 
 454 
 474 
 496 
 519 
 544 
 570 
 597 
 626 
 658 
 706 
 755 
 793 
 833 
 874 
 913 
 949 
 980 
 1004 
 1019 
 1024 
 1014 
 994 
 959 
 898 
 824 
 746 
 663 
 571 
 470 
 362 
 247 
 127 
 3 
-122 
-250 
-379 
 1932 
 1843 
 1743 
 1644 
 1551 
 1473 
 1409 
 1344 
 1279 
 1219 
 1167 
 1128 
 1106 
 1113 
 1181 
 1277 
 1355 
 1428 
 1503 
 1567 
 1607 
 1609 
 1569 
 1496 
 1399 
 1291 
 1182 
 1081 
 997 
 910 
 818 
 721 
 621 
 519 
 416 
 313 
 211 
 111 
 16 
-75 
-160 
-238 
-307 
-367 
-417 
-455 
-480 
-492 
-481 
-440 
-378 
-308 
-242 
-157 
-54 
 41 
 110 
 129 
 91 
 8 
-102 
-228 
-351 
-459 
-552 
-652 
-755 
-859 
-960 
-1057 
-1146 
-1224 
-1289 
-1338 
-1371 
-1393 
-1397 
-1396 
-1393 
-1388 
-1364 
-1290 
-1176 
-1040 
-894 
-753 
-595 
-409 
-201 
 23 
 259 
 500 
 742 
 979 
 1206 
 1418 
 1608 
 1771 
 1903 
 1998 
 2050 
 2040 
 1865 
 1595 
 1336 
 1102 
 858 
 606 
 352 
 98 
-151 
-392 
-621 
-835 
-1025 
-1185 
-1339 
-1474 
-1571 
-1631 
-1677 
-1715 
-1753 
-1798 
-1854 
-1920 
-1992 
-2070 
-2152 
-2234 
-2315 
-2392 
-2465 
-2530 
-2586 
-2630 
-2661 
-2676 
-2579 
-2256 
-2034 
-1849 
-1663 
-1477 
-1294 
-1116 
-945 
-785 
-636 
-502 
-388 
-293 
-205 
-114 
-19 
 75 
 170 
 262 
 358 
 467 
 602 
 770 
 961 
 1165 
 1374 
 1575 
 1761 
 1920 
 2043 
 2120 
 2141 
 2124 
 2101 
 2096 
 2104 
 2118 
 2138 
 2162 
 2216 
 2316 
 2444 
 2579 
 2703 
 2818 
 2944 
 3077 
 3213 
 3345 
 3471 
 3584 
 3680 
 3755 
 3804 
 3828 
 3843 
 3846 
 3841 
 3832 
 3818 
 3798 
 3755 
 3693 
 3612 
 3516 
 3405 
 3283 
 3152 
 3013 
 2870 
 2724 
 2578 
 2433 
 2293 
 2158 
 2033 
 1918 
 1816 
 1729 
 1659 
 1609 
 1581 
 1577 
 1596 
 1632 
 1681 
 1736 
 1792 
 1845 
 1888 
 1926 
 1859 
 1646 
 1391 
 1190 
 1009 
 819 
 623 
 422 
 216 
 7 
-202 
-414 
-625 
-835 
-1042 
-1246 
-1444 
-1637 
-1823 
-2000 
-2168 
-2325 
-2471 
-2604 
-2723 
-2827 
-2915 
-2985 
-3037 
-3069 
-3081 
-3068 
-3031 
-2974 
-2904 
-2824 
-2741 
-2659 
-2582 
-2489 
-2379 
-2260 
-2139 
-2025 
-1924 
-1846 
-1798 
-1788 
-1816 
-1871 
-1938 
-2006 
-2063 
-2122 
-2187 
-2252 
-2311 
-2359 
-2390 
-2397 
-2351 
-2256 
-2134 
-2010 
-1898 
-1758 
-1617 
-1520 
-1512 
-1600 
-1748 
-1921 
-2079 
-2204 
-2295 
-2274 
-2208 
-2114 
-2010 
-1913 
-1807 
-1679 
-1559 
-1476 
-1489 
-1663 
-1815 
-1973 
-2127 
-2267 
-2386 
-2472 
-2518 
-2522 
-2522 
-2522 
-2522 
-2507 
-2473 
-2426 
-2355 
-2242 
-2094 
-1914 
-1710 
-1485 
-1247 
-1000 
-749 
-502 
-261 
-35 
 173 
 356 
 510 
 630 
 731 
 822 
 904 
 979 
 1049 
 1116 
 1181 
 1247 
 1316 
 1389 
 1468 
 1555 
 1650 
 1751 
 1871 
 2020 
 2220 
 2486 
 2807 
 3170 
 3562 
 3974 
 4300 
 4568 
 4736 
 4788 
 4810 
 4834 
 4859 
 4883 
 4907 
 4932 
 4961 
 4993 
 5034 
 5089 
 5152 
 5217 
 5289 
 5376 
 5469 
 5561 
 5645 
 5713 
 5757 
 5770 
 5720 
 5606 
 5446 
 5258 
 5036 
 4701 
 4266 
 3760 
 3208 
 2637 
 2075 
 1548 
 1082 
 706 
 445 
 327 
 307 
 296 
 282 
 269 
 248 
 131 
-84 
-271 
-454 
-647 
-846 
-1046 
-1244 
-1435 
-1616 
-1781 
-1928 
-2051 
-2147 
-2212 
-2249 
-2275 
-2302 
-2328 
-2345 
-2344 
-2319 
-2285 
-2255 
-2222 
-2186 
-2152 
-2123 
-2104 
-2099 
-2132 
-2207 
-2308 
-2421 
-2532 
-2633 
-2746 
-2871 
-3007 
-3150 
-3296 
-3444 
-3591 
-3733 
-3867 
-3992 
-4104 
-4200 
-4277 
-4333 
-4364 
-4368 
-4340 
-4304 
-4270 
-4234 
-4196 
-4158 
-4119 
-4083 
-4048 
-4018 
-3993 
-3973 
-3954 
-3934 
-3910 
-3878 
-3836 
-3569 
-3156 
-2659 
-2411 
-2348 
-2296 
-2244 
-2082 
-1924 
-1763 
-1611 
-1476 
-1370 
-1301 
-1254 
-1220 
-1186 
-1145 
-1085 
-994 
-876 
-716 
-537 
-373 
-237 
-109 
-2 
 72 
 121 
 167 
 215 
 261 
 306 
 351 
 398 
 446 
 497 
 553 
 613 
 693 
 783 
 865 
 951 
 1044 
 1140 
 1235 
 1324 
 1403 
 1468 
 1515 
 1540 
 1528 
 1447 
 1324 
 1196 
 1096 
 1005 
 908 
 812 
 724 
 650 
 596 
 570 
 590 
 680 
 815 
 966 
 1107 
 1241 
 1393 
 1559 
 1734 
 1914 
 2093 
 2266 
 2430 
 2579 
 2709 
 2814 
 2890 
 2932 
 2898 
 2585 
 2310 
 2096 
 1875 
 1649 
 1421 
 1191 
 962 
 735 
 512 
 295 
 86 
-113 
-301 
-476 
-637 
-781 
-906 
-1012 
-1095 
-1155 
-1189 
-1195 
-1169 
-1112 
-1032 
-934 
-824 
-702 
-496 
-228 
 60 
 324 
 521 
 649 
 750 
 861 
 1022 
 1293 
 1660 
 2085 
 2530 
 2956 
 3323 
 3594 
 3729 
 3714 
 3606 
 3421 
 3169 
 2863 
 2512 
 2129 
 1726 
 1312 
 901 
 502 
 127 
-211 
-503 
-736 
-900 
-983 
-977 
-895 
-758 
-588 
-402 
-223 
-56 
 188 
 602 
 1087 
 1510 
 1745 
 1842 
 1909 
 1980 
 2052 
 2125 
 2210 
 2350 
 2545 
 2781 
 3036 
 3291 
 3527 
 3723 
 3861 
 3920 
 3895 
 3812 
 3683 
 3523 
 3347 
 3168 
 2973 
 2745 
 2488 
 2209 
 1914 
 1606 
 1293 
 978 
 669 
 371 
 88 
-198 
-460 
-632 
-790 
-944 
-1093 
-1238 
-1377 
-1511 
-1639 
-1762 
-1879 
-1990 
-2094 
-2192 
-2284 
-2368 
-2446 
-2516 
-2575 
-2619 
-2655 
-2692 
-2724 
-2735 
-2710 
-2666 
-2615 
-2550 
-2473 
-2387 
-2294 
-2196 
-2098 
-2000 
-1907 
-1820 
-1743 
-1677 
-1626 
-1592 
-1577 
-1581 
-1590 
-1602 
-1617 
-1636 
-1654 
-1674 
-1688 
-1661 
-1500 
-1274 
-1070 
-903 
-727 
-548 
-373 
-209 
-61 
 64 
 160 
 224 
 271 
 309 
 342 
 374 
 405 
 432 
 457 
 481 
 507 
 536 
 569 
 609 
 663 
 735 
 822 
 918 
 1019 
 1121 
 1222 
 1339 
 1471 
 1615 
 1765 
 1917 
 2067 
 2210 
 2342 
 2459 
 2557 
 2630 
 2674 
 2684 
 2601 
 2433 
 2226 
 2027 
 1831 
 1608 
 1364 
 1107 
 844 
 581 
 326 
 86 
-133 
-324 
-479 
-593 
-658 
-690 
-713 
-742 
-777 
-816 
-855 
-893 
-928 
-958 
-981 
-994 
-1590 
-1702 
-1888 
-2115 
-2346 
-2546 
-2679 
-2726 
-2755 
-2779 
-2798 
-2815 
-2830 
-2846 
-2862 
-2881 
-2902 
-2922 
-2942 
-2961 
-2978 
-2994 
-3012 
-3030 
-3050 
-3073 
-3099 
-3130 
-3175 
-3307 
-3524 
-3819 
-4181 
-4598 
-5059 
-5552 
-6064 
-6585 
-7103 
-7606 
-8082 
-8520 
-8909 
-9235 
-9488 
-9656 
-9728 
-9685 
-9544 
-9363 
-9202 
-9060 
-8913 
-8763 
-8611 
-8456 
-8301 
-8146 
-7992 
-7840 
-7690 
-7544 
-7402 
-7266 
-7135 
-7011 
-6895 
-6787 
-6694 
-6625 
-6569 
-6519 
-6463 
-6385 
-6280 
-6154 
-6008 
-5844 
-5667 
-5479 
-5282 
-5079 
-4874 
-4668 
-4465 
-4267 
-4077 
-3898 
-3733 
-3584 
-3455 
-3346 
-3249 
-3156 
-3056 
-2952 
-2761 
-2444 
-2027 
-1524 
-952 
-325 
 340 
 1030 
 1728 
 2420 
 3091 
 3723 
 4304 
 4809 
 5234 
 5844 
 6596 
 7438 
 8319 
 9188 
 9993 
 10683 
 11207 
 11514 
 11631 
 11691 
 11746 
 11847 
 12454 
 12820 
 13174 
 13515 
 13841 
 14148 
 14435 
 14699 
 14938 
 15148 
 15329 
 15476 
 15589 
 15664 
 15698 
 15700 
 15695 
 15687 
 15675 
 15660 
 15642 
 15621 
 15598 
 15571 
 15543 
 15512 
 15479 
 15352 
 15167 
 14983 
 14780 
 14561 
 14327 
 14083 
 13830 
 13571 
 13308 
 13044 
 12781 
 12523 
 12271 
 12028 
 11797 
 11581 
 11381 
 11200 
 11042 
 10907 
 10800 
 10723 
 10677 
 10673 
 10813 
 10965 
 11144 
 11309 
 11424 
 11451 
 11393 
 11270 
 11100 
 10899 
 10680 
 10415 
 10096 
 9727 
 9312 
 8855 
 8360 
 7831 
 7273 
 6688 
 6083 
 5459 
 4822 
 4176 
 3524 
 2872 
 2222 
 1579 
 947 
 329 
-267 
-842 
-1389 
-1905 
-2385 
-2825 
-3223 
-3572 
-3870 
-4112 
-4294 
-4412 
-4461 
-4329 
-3855 
-2960 
-152 
 3390 
 5764 
 5928 
 5760 
 5534 
 5337 
 5171 
 4137 
 1713 
-1583 
-5231 
-9191 
-14738 
-17255 
-18470 
-19533 
-20411 
-21075 
-21493 
-21633 
-21647 
-21660 
-21671 
-21680 
-21687 
-21692 
-21695 
-21697 
-21696 
-21689 
-21676 
-21657 
-21633 
-21604 
-21569 
-21529 
-21485 
-21416 
-21209 
-20861 
-20392 
-19822 
-19172 
-18460 
-17707 
-16932 
-16156 
-15397 
-14677 
-14015 
-13431 
-12945 
-12576 
-12326 
-12140 
-11950 
-11695 
-11118 
-10137 
-9090 
-8326 
-7971 
-7637 
-7312 
-6985 
-6657 
-6329 
-6003 
-5679 
-5360 
-5045 
-4737 
-4436 
-4144 
-3862 
-3591 
-3332 
-3096 
-2896 
-2722 
-2571 
-2412 
-2212 
-1951 
-1585 
-1019 
-257 
 644 
 1627 
 2632 
 3602 
 4476 
 5197 
 5707 
 5948 
 5959 
 5959 
 5958 
 5951 
 5937 
 5860 
 5685 
 5486 
 5269 
 5014 
 4729 
 4419 
 4091 
 3752 
 3409 
 3066 
 2732 
 2412 
 2113 
 1842 
 1605 
 1408 
 1258 
 1161 
 1124 
 2289 
 3263 
 4012 
 4292 
 4292 
 4292 
 4292 
 4286 
 4275 
 4261 
 4244 
 4224 
 4203 
 4181 
 4159 
 4131 
 4095 
 4055 
 4017 
 3978 
 3936 
 3891 
 3840 
 3777 
 3699 
 3611 
 3522 
 3439 
 3362 
 3280 
 3193 
 3103 
 3011 
 2920 
 2829 
 2742 
 2659 
 2581 
 2512 
 2451 
 2401 
 2362 
 2337 
 2327 
 2331 
 2344 
 2365 
 2393 
 2427 
 2464 
 2505 
 2547 
 2589 
 2631 
 2671 
 2707 
 2738 
 2764 
 2782 
 2792 
 2788 
 2744 
 2668 
 2570 
 2464 
 2359 
 2267 
 2198 
 2133 
 2070 
 2009 
 1952 
 1902 
 1861 
 1829 
 1805 
 1784 
 1767 
 1751 
 1736 
 1722 
 1707 
 1691 
 1673 
 1654 
 1634 
 1613 
 1593 
 1572 
 1552 
 1533 
 1515 
 1499 
 1485 
 1474 
 1467 
 1459 
 1448 
 1436 
 1423 
 1410 
 1396 
 1381 
 1366 
 1350 
 1333 
 1315 
 1297 
 1278 
 1258 
 1237 
 1215 
 1193 
 1169 
 1145 
 1119 
 1092 
 1057 
 1014 
 964 
 909 
 851 
 790 
 727 
 666 
 606 
 549 
 496 
 449 
 410 
 379 
 358 
 343 
 330 
 319 
 310 
 304 
 302 
 304 
 312 
 324 
 338 
 351 
 364 
 380 
 397 
 416 
 435 
 452 
 467 
 478 
 483 
 481 
 469 
 449 
 427 
 405 
 386 
 369 
 353 
 337 
 321 
 306 
 290 
 274 
 257 
 239 
 220 
 200 
 179 
 156 
 129 
 90 
 45 
-1 
-43 
-76 
-110 
-144 
-178 
-213 
-248 
-282 
-316 
-349 
-382 
-413 
-442 
-470 
-496 
-520 
-541 
-560 
-575 
-588 
-597 
-603 
-606 
-608 
-610 
-612 
-615 
-618 
-621 
-623 
-624 
-623 
-621 
-619 
-616 
-612 
-608 
-601 
-593 
-583 
-572 
-560 
-548 
-536 
-524 
-512 
-502 
-493 
-485 
-480 
-477 
-476 
-480 
-486 
-495 
-505 
-515 
-527 
-541 
-557 
-576 
-602 
-634 
-673 
-721 
-775 
-833 
-894 
-956 
-1018 
-1077 
-1132 
-1180 
-1221 
-1253 
-1273 
-1279 
-1273 
-1256 
-1232 
-1203 
-1166 
-1115 
-1053 
-979 
-895 
-804 
-705 
-601 
-492 
-380 
-267 
-153 
-41 
 69 
 175 
 277 
 372 
 460 
 538 
 606 
 662 
 706 
 735 
 748 
 743 
 721 
 690 
 662 
 646 
 637 
 627 
 619 
 610 
 602 
 595 
 589 
 583 
 578 
 574 
 571 
 569 
 568 
 578 
 601 
 628 
 652 
 664 
 672 
 679 
 682 
 641 
 569 
 537 
 496 
 447 
 393 
 335 
 274 
 210 
 144 
 77 
 9 
-58 
-124 
-188 
-250 
-309 
-363 
-413 
-456 
-494 
-526 
-553 
-579 
-604 
-630 
-654 
-678 
-703 
-734 
-776 
-823 
-866 
-896 
-904 
-909 
-913 
-916 
-919 
-921 
-923 
-924 
-924 
-914 
-888 
-851 
-806 
-756 
-706 
-658 
-616 
-577 
-537 
-497 
-458 
-419 
-382 
-347 
-314 
-285 
-260 
-238 
-214 
-191 
-166 
-143 
-120 
-98 
-79 
-62 
-47 
-37 
-30 
-28 
-28 
-28 
-29 
-33 
-39 
-47 
-58 
-70 
-84 
-99 
-115 
-132 
-149 
-167 
-184 
-202 
-218 
-235 
-257 
-276 
-288 
-301 
-314 
-326 
-338 
-350 
-360 
-370 
-379 
-387 
-393 
-397 
-400 
-401 
-396 
-391 
-389 
-390 
-391 
-392 
-394 
-396 
-399 
-401 
-405 
-408 
-411 
-420 
-436 
-454 
-470 
-479 
-484 
-489 
-493 
-497 
-501 
-504 
-507 
-509 
-511 
-512 
-513 
-512 
-508 
-503 
-498 
-493 
-488 
-483 
-476 
-468 
-459 
-444 
-416 
-378 
-333 
-282 
-230 
-178 
-128 
-77 
-22 
 33 
 92 
 152 
 213 
 275 
 337 
 399 
 460 
 521 
 579 
 637 
 691 
 744 
 793 
 839 
 883 
 924 
 962 
 996 
 1028 
 1057 
 1085 
 1111 
 1138 
 1166 
 1196 
 1234 
 1256 
 1261 
 1266 
 1270 
 1273 
 1276 
 1277 
 1278 
 1276 
 1248 
 1210 
 1175 
 1138 
 1101 
 1062 
 1022 
 982 
 941 
 899 
 857 
 814 
 771 
 729 
 686 
 643 
 601 
 559 
 518 
 476 
 433 
 396 
 365 
 333 
 302 
 272 
 246 
 225 
 210 
 204 
 205 
 209 
 215 
 220 
 225 
 226 
 225 
 223 
 219 
 215 
 209 
 202 
 195 
 186 
 168 
 144 
 116 
 84 
 51 
 19 
-11 
-44 
-80 
-116 
-152 
-187 
-219 
-251 
-282 
-312 
-339 
-363 
-385 
-405 
-424 
-441 
-458 
-475 
-491 
-508 
-526 
-541 
-551 
-553 
-551 
-547 
-541 
-534 
-526 
-516 
-505 
-494 
-476 
-450 
-418 
-383 
-347 
-311 
-269 
-227 
-182 
-132 
-79 
-24 
 31 
 89 
 145 
 201 
 254 
 304 
 350 
 391 
 426 
 454 
 475 
 487 
 489 
 488 
 485 
 481 
 477 
 472 
 466 
 460 
 452 
 443 
 433 
 422 
 410 
 398 
 386 
 374 
 361 
 350 
 339 
 329 
 320 
 312 
 306 
 301 
 298 
 299 
 317 
 350 
 389 
 423 
 448 
 467 
 468 
 468 
 468 
 464 
 457 
 449 
 438 
 423 
 403 
 380 
 353 
 322 
 289 
 254 
 216 
 178 
 138 
 97 
 57 
 16 
-23 
-61 
-99 
-134 
-167 
-198 
-225 
-249 
-268 
-284 
-294 
-300 
-294 
-263 
-239 
-220 
-202 
-185 
-171 
-160 
-154 
-154 
-166 
-187 
-211 
-234 
-252 
-271 
-291 
-313 
-335 
-357 
-379 
-401 
-422 
-441 
-459 
-475 
-489 
-500 
-508 
-513 
-514 
-508 
-503 
-504 
-508 
-513 
-520 
-527 
-536 
-548 
-565 
-579 
-593 
-608 
-624 
-640 
-656 
-672 
-687 
-701 
-714 
-725 
-735 
-743 
-748 
-751 
-747 
-711 
-653 
-587 
-528 
-487 
-449 
-410 
-373 
-338 
-308 
-285 
-269 
-264 
-264 
-264 
-266 
-274 
-287 
-303 
-320 
-337 
-359 
-383 
-406 
-431 
-465 
-508 
-560 
-618 
-681 
-747 
-814 
-881 
-945 
-1006 
-1061 
-1108 
-1147 
-1174 
-1189 
-1191 
-1183 
-1169 
-1151 
-1131 
-1109 
-1081 
-1046 
-1007 
-964 
-918 
-869 
-818 
-767 
-717 
-667 
-619 
-574 
-533 
-496 
-464 
-439 
-421 
-411 
-410 
-421 
-444 
-474 
-511 
-551 
-591 
-630 
-664 
-691 
-709 
-714 
-714 
-714 
-714 
-714 
-714 
-714 
-714 
-714 
-714 
-714 
-714 
-714 
-713 
-707 
-695 
-679 
-661 
-643 
-626 
-613 
-604 
-596 
-582 
-559 
-530 
-493 
-452 
-406 
-357 
-305 
-253 
-200 
-131 
-56 
 19 
 99 
 178 
 255 
 326 
 390 
 444 
 486 
 520 
 552 
 586 
 626 
 671 
 719 
 772 
 829 
 897 
 980 
 1067 
 1153 
 1250 
 1349 
 1443 
 1524 
 1583 
 1618 
 1646 
 1668 
 1683 
 1690 
 1694 
 1696 
 1699 
 1700 
 1701 
 1699 
 1693 
 1686 
 1678 
 1667 
 1655 
 1639 
 1620 
 1597 
 1572 
 1544 
 1514 
 1482 
 1448 
 1413 
 1377 
 1340 
 1302 
 1264 
 1226 
 1188 
 1152 
 1116 
 1081 
 1048 
 1017 
 988 
 962 
 938 
 917 
 900 
 885 
 876 
 875 
 875 
 875 
 878 
 884 
 889 
 894 
 4733 
 4942 
 4722 
 4687 
 4603 
 4477 
 4312 
 4115 
 3889 
 3640 
 3374 
 3094 
 2806 
 2515 
 2226 
 1945 
 1675 
 1422 
 1192 
 989 
 818 
 684 
 588 
 511 
 444 
 387 
 336 
 289 
 244 
 198 
 148 
 93 
 29 
-44 
-131 
-234 
-355 
-498 
-667 
-902 
-1207 
-1566 
-1966 
-2390 
-2823 
-3252 
-3660 
-4032 
-4353 
-4609 
-4784 
-4864 
-4873 
-4877 
-4876 
-4869 
-4854 
-4829 
-4793 
-4749 
-4699 
-4644 
-4585 
-4524 
-4463 
-4404 
-4347 
-4295 
-4249 
-4211 
-4182 
-4164 
-4159 
-4168 
-4192 
-4230 
-4367 
-4570 
-4771 
-4985 
-5222 
-5478 
-5750 
-6034 
-6327 
-6625 
-6924 
-7221 
-7513 
-7795 
-8064 
-8318 
-8551 
-8761 
-8944 
-9096 
-9214 
-9295 
-9334 
-9332 
-9301 
-9247 
-9173 
-9082 
-8979 
-8866 
-8748 
-8629 
-8512 
-8400 
-8298 
-8209 
-8138 
-8076 
-8000 
-7923 
-7843 
-7759 
-7668 
-7571 
-7465 
-7347 
-7169 
-6992 
-6845 
-6706 
-6573 
-6446 
-6325 
-6215 
-6119 
-5979 
-5824 
-5655 
-5474 
-5283 
-5081 
-4872 
-4655 
-4433 
-4206 
-3976 
-3743 
-3510 
-3278 
-3047 
-2820 
-2596 
-2379 
-2168 
-1965 
-1772 
-1589 
-1419 
-1279 
-1155 
-1016 
-835 
-614 
-362 
-86 
 205 
 507 
 812 
 1111 
 1398 
 1666 
 1908 
 2116 
 2260 
 2388 
 2519 
 2650 
 2776 
 2890 
 2990 
 3070 
 3125 
 3154 
 3176 
 3207 
 3238 
 3270 
 3306 
 3346 
 3394 
 3450 
 3535 
 3678 
 3858 
 4051 
 4264 
 4517 
 4803 
 5112 
 5438 
 5772 
 6105 
 6430 
 6738 
 7022 
 7273 
 7483 
 7645 
 7749 
 7788 
 7787 
 7784 
 7780 
 7764 
 7690 
 7567 
 7414 
 7251 
 7089 
 6915 
 6729 
 6530 
 6321 
 6101 
 5872 
 5635 
 5390 
 5139 
 4882 
 4621 
 4356 
 4088 
 3818 
 3547 
 3275 
 3005 
 2736 
 2470 
 2208 
 1949 
 1696 
 1450 
 1210 
 979 
 756 
 543 
 341 
 151 
-26 
-190 
-339 
-463 
-568 
-664 
-761 
-870 
-991 
-1118 
-1244 
-1362 
-1466 
-1550 
-1606 
-1627 
-1577 
-1447 
-1291 
-1110 
-876 
-604 
-314 
-23 
 252 
 494 
 685 
 808 
 845 
 818 
 771 
 730 
 684 
 664 
 684 
 734 
 807 
 895 
 992 
 1089 
 1179 
 1265 
 1360 
 1462 
 1566 
 1669 
 1765 
 1852 
 1925 
 1985 
 2034 
 2049 
 2046 
 2039 
 2029 
 2016 
 1999 
 1979 
 1956 
 1931 
 1903 
 1872 
 1840 
 1800 
 1722 
 1606 
 1456 
 1278 
 1078 
 862 
 635 
 402 
 170 
-56 
-272 
-470 
-646 
-793 
-907 
-982 
-1012 
-1007 
-994 
-984 
-976 
-956 
-869 
-721 
-532 
-324 
-117 
 117 
 386 
 683 
 999 
 1328 
 1663 
 1995 
 2319 
 2626 
 2909 
 3162 
 3376 
 3546 
 3675 
 3781 
 3880 
 3992 
 4117 
 4237 
 4332 
 4380 
 4381 
 4377 
 4369 
 4352 
 4323 
 4283 
 4231 
 4156 
 4039 
 3884 
 3695 
 3477 
 3234 
 2970 
 2690 
 2398 
 2099 
 1797 
 1496 
 1201 
 916 
 645 
 394 
 165 
-34 
-203 
-335 
-426 
-472 
-469 
-431 
-396 
-373 
-349 
-325 
-303 
-282 
-265 
-251 
-242 
-238 
-269 
-352 
-459 
-564 
-638 
-692 
-746 
-799 
-846 
-887 
-918 
-936 
-939 
-908 
-862 
-823 
-778 
-730 
-685 
-647 
-621 
-612 
-616 
-628 
-645 
-679 
-724 
-777 
-830 
-878 
-916 
-937 
-940 
-940 
-940 
-941 
-944 
-949 
-956 
-964 
-974 
-985 
-1017 
-1080 
-1158 
-1235 
-1309 
-1394 
-1487 
-1584 
-1680 
-1772 
-1855 
-1926 
-1980 
-2014 
-2029 
-2038 
-2040 
-2030 
-1975 
-1853 
-1696 
-1536 
-1376 
-1186 
-973 
-748 
-518 
-291 
-77 
 114 
 278 
 402 
 480 
 507 
 518 
 523 
 528 
 532 
 535 
 533 
 518 
 492 
 455 
 411 
 363 
 313 
 263 
 187 
 102 
 20 
-67 
-173 
-294 
-427 
-571 
-724 
-886 
-1056 
-1231 
-1411 
-1595 
-1781 
-1969 
-2156 
-2341 
-2525 
-2704 
-2878 
-3047 
-3207 
-3359 
-3501 
-3631 
-3750 
-3854 
-3944 
-4018 
-4074 
-4111 
-4129 
-4119 
-4061 
-3968 
-3857 
-3741 
-3626 
-3499 
-3361 
-3212 
-3056 
-2891 
-2720 
-2545 
-2365 
-2183 
-1999 
-1815 
-1632 
-1451 
-1273 
-1100 
-933 
-773 
-621 
-479 
-347 
-227 
-120 
-34 
 36 
 104 
 184 
 266 
 300 
 273 
 207 
 114 
 5 
-108 
-214 
-303 
-396 
-496 
-602 
-710 
-817 
-920 
-1016 
-1101 
-1173 
-1228 
-1263 
-1275 
-1215 
-1066 
-872 
-678 
-487 
-256 
 1 
 271 
 539 
 789 
 1009 
 1183 
 1296 
 1333 
 1293 
 1196 
 1064 
 919 
 782 
 673 
 566 
 453 
 334 
 213 
 90 
-30 
-150 
-264 
-373 
-473 
-563 
-641 
-705 
-754 
-785 
-797 
-752 
-621 
-436 
-230 
-34 
 171 
 402 
 650 
 910 
 1176 
 1440 
 1698 
 1942 
 2166 
 2365 
 2529 
 2652 
 2767 
 2903 
 3053 
 3203 
 3339 
 3447 
 3513 
 3526 
 3499 
 3446 
 3372 
 3284 
 3187 
 3089 
 2995 
 2911 
 2836 
 2751 
 2661 
 2569 
 2482 
 2403 
 2338 
 2292 
 2268 
 2277 
 2323 
 2394 
 2471 
 2561 
 2676 
 2803 
 2935 
 3084 
 3249 
 3426 
 3614 
 3809 
 4008 
 4209 
 4408 
 4604 
 4793 
 4972 
 5139 
 5291 
 5425 
 5538 
 5627 
 5691 
 5724 
 5712 
 5571 
 5347 
 5108 
 4915 
 4723 
 4522 
 4314 
 4102 
 3887 
 3674 
 3464 
 3260 
 3064 
 2879 
 2708 
 2554 
 2418 
 2303 
 2212 
 2147 
 2102 
 2067 
 2037 
 2002 
 1957 
 1909 
 1854 
 1786 
 1695 
 1445 
 1160 
 998 
 840 
 686 
 538 
 397 
 265 
 142 
 30 
-69 
-155 
-226 
-281 
-317 
-338 
-363 
-394 
-426 
-456 
-481 
-499 
-514 
-526 
-537 
-548 
-561 
-576 
-596 
-625 
-672 
-731 
-797 
-866 
-932 
-1001 
-1078 
-1163 
-1252 
-1346 
-1441 
-1537 
-1632 
-1724 
-1812 
-1893 
-1967 
-2032 
-2086 
-2127 
-2154 
-2165 
-2126 
-2007 
-1863 
-1713 
-1520 
-1304 
-1084 
-881 
-718 
-614 
-594 
-736 
-980 
-1217 
-1411 
-1615 
-1825 
-2033 
-2233 
-2419 
-2584 
-2722 
-2826 
-2898 
-2953 
-3000 
-3051 
-3109 
-3177 
-3280 
-3417 
-3577 
-3747 
-3917 
-4095 
-4287 
-4491 
-4706 
-4931 
-5164 
-5404 
-5648 
-5897 
-6148 
-6400 
-6652 
-6902 
-7148 
-7390 
-7625 
-7853 
-8072 
-8280 
-8476 
-8659 
-8827 
-8979 
-9114 
-9229 
-9324 
-9396 
-9446 
-9470 
-9446 
-9331 
-9151 
-8947 
-8722 
-8487 
-8250 
-8023 
-7814 
-7633 
-7491 
-7395 
-7345 
-7313 
-7275 
-7235 
-7167 
-6981 
-6705 
-6426 
-6190 
-5938 
-5682 
-5438 
-5222 
-5051 
-4942 
-4876 
-4827 
-4786 
-4745 
-4699 
-4658 
-4621 
-4579 
-4525 
-4453 
-4236 
-3861 
-3504 
-3155 
-2807 
-2458 
-2106 
-1750 
-1387 
-1015 
-633 
-239 
 168 
 593 
 1035 
 1497 
 1981 
 2488 
 3021 
 3844 
 4242 
 4589 
 4898 
 5174 
 5427 
 5663 
 5890 
 6117 
 6350 
 6598 
 6869 
 7169 
 7552 
 7992 
 8252 
 8500 
 8749 
 8995 
 9237 
 9471 
 9696 
 9909 
 10108 
 10290 
 10454 
 10596 
 10715 
 10807 
 10872 
 10905 
 10900 
 10829 
 10706 
 10551 
 10386 
 10231 
 10076 
 9909 
 9732 
 9548 
 9358 
 9166 
 8972 
 8780 
 8592 
 8409 
 8233 
 8070 
 7942 
 7838 
 7738 
 7634 
 7528 
 7420 
 7310 
 7201 
 7092 
 6985 
 6880 
 6779 
 6682 
 6590 
 6504 
 6424 
 6352 
 6289 
 6235 
 6191 
 6158 
 6137 
 6129 
 6167 
 6272 
 6395 
 6518 
 6675 
 6844 
 7005 
 7136 
 7216 
 7214 
 7071 
 6836 
 6581 
 6358 
 6125 
 5875 
 5611 
 5333 
 5044 
 4746 
 4442 
 4133 
 3820 
 3507 
 3196 
 2887 
 2583 
 2287 
 2001 
 1725 
 1462 
 1215 
 985 
 774 
 585 
 419 
 279 
 165 
 82 
 29 
 10 
 1037 
 2386 
 3821 
 4937 
 5326 
 4992 
 4441 
 3910 
 3379 
 2822 
 2210 
 1514 
 709 
-235 
-1346 
-2653 
-4451 
-6752 
-8216 
-9638 
-10996 
-12276 
-13458 
-14527 
-15461 
-16245 
-16914 
-17581 
-18240 
-18882 
-19499 
-20083 
-20623 
-21110 
-21536 
-21892 
-22168 
-22356 
-22447 
-22442 
-22376 
-22256 
-22082 
-21857 
-21583 
-21262 
-20895 
-20487 
-20037 
-19548 
-19022 
-18462 
-17870 
-17245 
-16593 
-15915 
-15212 
-14485 
-13740 
-12975 
-12195 
-11399 
-10121 
-7900 
-5164 
-2346 
 108 
 1769 
 2904 
 4012 
 5056 
 6005 
 6826 
 7486 
 7950 
 8188 
 8163 
 8050 
 7957 
 7890 
 7837 
 7786 
 7737 
 7691 
 7648 
 7608 
 7573 
 7543 
 7518 
 7499 
 7484 
 7473 
 7463 
 7456 
 7449 
 7443 
 7435 
 7427 
 7416 
 7402 
 7385 
 7209 
 7065 
 6948 
 6845 
 6741 
 6636 
 6530 
 6423 
 6316 
 6208 
 6102 
 5996 
 5891 
 5788 
 5687 
 5588 
 5492 
 5398 
 5308 
 5221 
 5139 
 5061 
 4987 
 4919 
 4856 
 4799 
 4748 
 4704 
 4668 
 4645 
 4625 
 4605 
 4588 
 4572 
 4557 
 4541 
 4523 
 4503 
 4480 
 4451 
 4383 
 4329 
 4299 
 4250 
 4170 
 4069 
 3954 
 3835 
 3720 
 3617 
 3527 
 3442 
 3356 
 3263 
 3160 
 3049 
 2931 
 2808 
 2681 
 2551 
 2414 
 2265 
 2108 
 1947 
 1786 
 1631 
 1484 
 1349 
 1232 
 1134 
 1047 
 968 
 891 
 811 
 721 
 612 
 488 
 360 
 228 
 99 
-19 
-135 
-255 
-378 
-501 
-622 
-740 
-851 
-954 
-1045 
-1124 
-1187 
-1233 
-1260 
-1275 
-1292 
-1315 
-1337 
-1352 
-1354 
-1349 
-1341 
-1330 
-1318 
-1306 
-1291 
-1272 
-1250 
-1226 
-1199 
-1172 
-1145 
-1117 
-1090 
-1065 
-1042 
-1021 
-1004 
-991 
-982 
-979 
-984 
-997 
-1013 
-1032 
-1055 
-1081 
-1110 
-1140 
-1172 
-1205 
-1238 
-1270 
-1302 
-1338 
-1379 
-1424 
-1471 
-1519 
-1566 
-1612 
-1655 
-1693 
-1725 
-1750 
-1766 
-1773 
-1765 
-1746 
-1726 
-1705 
-1681 
-1657 
-1630 
-1603 
-1574 
-1543 
-1512 
-1480 
-1446 
-1410 
-1369 
-1323 
-1271 
-1211 
-1141 
-1064 
-981 
-892 
-799 
-703 
-605 
-506 
-408 
-312 
-219 
-130 
-46 
 31 
 101 
 162 
 213 
 253 
 280 
 294 
 301 
 307 
 311 
 314 
 316 
 318 
 320 
 321 
 322 
 323 
 324 
 325 
 326 
 327 
 328 
 328 
 330 
 331 
 332 
 334 
 336 
 338 
 343 
 368 
 411 
 463 
 517 
 577 
 653 
 740 
 835 
 936 
 1038 
 1139 
 1235 
 1322 
 1397 
 1457 
 1499 
 1519 
 1517 
 1505 
 1491 
 1472 
 1448 
 1418 
 1375 
 1317 
 1261 
 1202 
 1136 
 1067 
 996 
 927 
 861 
 803 
 755 
 718 
 697 
 694 
 721 
 769 
 822 
 868 
 892 
 910 
 927 
 944 
 959 
 972 
 983 
 991 
 997 
 999 
 991 
 964 
 923 
 873 
 820 
 768 
 722 
 685 
 648 
 608 
 567 
 525 
 483 
 442 
 401 
 362 
 326 
 292 
 262 
 236 
 214 
 198 
 187 
 183 
 187 
 199 
 217 
 238 
 261 
 297 
 334 
 368 
 405 
 444 
 483 
 522 
 559 
 593 
 624 
 649 
 668 
 680 
 683 
 682 
 679 
 676 
 673 
 672 
 672 
 674 
 677 
 681 
 686 
 692 
 698 
 706 
 715 
 724 
 737 
 770 
 823 
 891 
 971 
 1059 
 1152 
 1245 
 1334 
 1417 
 1489 
 1547 
 1586 
 1603 
 1600 
 1588 
 1570 
 1550 
 1529 
 1511 
 1494 
 1477 
 1461 
 1443 
 1426 
 1408 
 1390 
 1371 
 1353 
 1334 
 1313 
 1289 
 1258 
 1214 
 1160 
 1101 
 1044 
 993 
 951 
 911 
 872 
 835 
 799 
 763 
 729 
 695 
 662 
 629 
 596 
 564 
 533 
 503 
 473 
 445 
 416 
 388 
 360 
 332 
 304 
 275 
 246 
 215 
 184 
 151 
 118 
 87 
 57 
 26 
-7 
-41 
-77 
-112 
-145 
-176 
-204 
-228 
-247 
-259 
-265 
-262 
-248 
-227 
-203 
-178 
-157 
-143 
-139 
-137 
-135 
-133 
-132 
-131 
-130 
-129 
-129 
-135 
-157 
-189 
-225 
-261 
-295 
-335 
-378 
-422 
-465 
-506 
-542 
-573 
-596 
-617 
-639 
-665 
-699 
-741 
-789 
-840 
-896 
-957 
-1022 
-1088 
-1155 
-1220 
-1282 
-1340 
-1399 
-1458 
-1516 
-1574 
-1632 
-1690 
-1747 
-1804 
-1861 
-1917 
-1973 
-2028 
-2083 
-2137 
-2190 
-2243 
-2295 
-2347 
-2398 
-2447 
-2497 
-2545 
-2591 
-2622 
-2648 
-2673 
-2697 
-2721 
-2743 
-2764 
-2783 
-2802 
-2818 
-2833 
-2845 
-2856 
-2864 
-2871 
-2873 
-2866 
-2844 
-2812 
-2770 
-2720 
-2665 
-2606 
-2546 
-2486 
-2428 
-2375 
-2327 
-2284 
-2243 
-2203 
-2165 
-2127 
-2089 
-2049 
-2009 
-1966 
-1921 
-1872 
-1819 
-1762 
-1699 
-1614 
-1463 
-1329 
-1199 
-1071 
-943 
-816 
-689 
-560 
-430 
-297 
-161 
-20 
 125 
 286 
 437 
 576 
 688 
 767 
 831 
 887 
 942 
 1001 
 1064 
 1127 
 1192 
 1257 
 1320 
 1382 
 1441 
 1496 
 1547 
 1592 
 1631 
 1663 
 1684 
 1698 
 1716 
 1738 
 1763 
 1789 
 1818 
 1848 
 1880 
 1925 
 1969 
 1979 
 1985 
 1990 
 1995 
 1999 
 2002 
 2005 
 2007 
 2008 
 2009 
 2006 
 1996 
 1983 
 1966 
 1948 
 1929 
 1913 
 1897 
 1880 
 1861 
 1841 
 1822 
 1804 
 1789 
 1778 
 1772 
 1771 
 1771 
 1771 
 1771 
 1771 
 1771 
 1765 
 1753 
 1735 
 1715 
 1692 
 1669 
 1641 
 1609 
 1574 
 1535 
 1494 
 1451 
 1406 
 1361 
 1316 
 1271 
 1228 
 1186 
 1146 
 1106 
 1063 
 1019 
 973 
 928 
 883 
 841 
 800 
 764 
 731 
 705 
 684 
 670 
 660 
 652 
 646 
 640 
 635 
 630 
 625 
 620 
 617 
 613 
 609 
 605 
 598 
 587 
 545 
 489 
 433 
 371 
 304 
 234 
 160 
 83 
 4 
-74 
-154 
-234 
-312 
-388 
-462 
-532 
-598 
-659 
-715 
-764 
-806 
-840 
-866 
-889 
-907 
-920 
-925 
-924 
-920 
-914 
-907 
-898 
-889 
-880 
-872 
-865 
-860 
-857 
-856 
-856 
-856 
-856 
-856 
-856 
-856 
-855 
-853 
-851 
-849 
-846 
-835 
-804 
-771 
-741 
-710 
-676 
-638 
-596 
-551 
-503 
-454 
-403 
-352 
-302 
-252 
-205 
-160 
-119 
-82 
-50 
-23 
-3 
 9 
 17 
 23 
 28 
 32 
 37 
 43 
 52 
 63 
 79 
 97 
 119 
 144 
 171 
 202 
 234 
 270 
 319 
 382 
 454 
 533 
 614 
 700 
 811 
 940 
 1072 
 1194 
 1293 
 1354 
 1368 
 1368 
 1368 
 1368 
 1369 
 1367 
 1360 
 1351 
 1339 
 1326 
 1315 
 1306 
 1301 
 1304 
 1322 
 1354 
 1394 
 1439 
 1485 
 1527 
 1562 
 1594 
 1628 
 1656 
 1673 
 1673 
 1654 
 1624 
 1590 
 1559 
 1532 
 1502 
 1475 
 1461 
 1464 
 1475 
 1483 
 1483 
 1483 
 1483 
 1483 
 1460 
 1392 
 1289 
 1159 
 1009 
 847 
 681 
 520 
 371 
 221 
 108 
 2 
-99 
-197 
-291 
-382 
-470 
-554 
-637 
-716 
-794 
-870 
-943 
-1012 
-1075 
-1131 
-1179 
-1223 
-1265 
-1304 
-1342 
-1378 
-1414 
-1450 
-1485 
-1520 
-1554 
-1586 
-1618 
-1651 
-1683 
-1717 
-1754 
-1795 
-1837 
-1879 
-1919 
-1956 
-1989 
-2016 
-2035 
-2045 
-2052 
-2059 
-2066 
-2072 
-2078 
-2083 
-2087 
-2091 
-2094 
-2096 
-2098 
-2099 
-2098 
-2086 
-2065 
-2036 
-2001 
-1963 
-1924 
-1886 
-1852 
-1819 
-1774 
-1704 
-1608 
-1492 
-1361 
-1218 
-1069 
-918 
-769 
-627 
-498 
-369 
-245 
-140 
-52 
 31 
 112 
 189 
 263 
 335 
 404 
 471 
 537 
 602 
 666 
 727 
 781 
 837 
 899 
 964 
 1030 
 1093 
 1150 
 1197 
 1230 
 1248 
 1248 
 1242 
 1234 
 1224 
 1216 
 1210 
 1202 
 1195 
 1189 
 1184 
 1182 
 1183 
 1188 
 1195 
 1201 
 1204 
 1201 
 1192 
 1178 
 1159 
 1138 
 1114 
 1089 
 1058 
 1018 
 971 
 918 
 861 
 802 
 742 
 682 
 625 
 572 
 523 
 474 
 423 
 369 
 313 
 257 
 201 
 144 
 89 
 35 
-16 
-64 
-110 
-151 
-188 
-219 
-245 
-264 
-275 
-279 
-275 
-264 
-248 
-222 
-187 
-146 
-99 
-49 
 2 
 53 
 102 
 147 
 196 
 251 
 308 
 364 
 414 
 455 
 482 
 492 
 483 
 459 
 0 
 0 
 0 
 0 
 0 
 0 
 0 
 0 
 0 
 0 
 0 
 0 
 0 
 0 
 0 
 0 
 0 
 0 
 0 
 0 
 0 
 0 
 0 
 0 
 0 
 0 
 0 
 0 
 0 
 0 
 0 
 0 
-308.3333 
-392.3333 
-432.6666 
-463.3333 
-501.6666 
-526.3333 
-535.6666 
-529.9999 
-508 
-470 
-415 
-343.3333 
-256 
-160.3333 
-60.66666 
 41.33333 
 146 
 253.6667 
 358.3333 
 453.3333 
 531.9999 
 599.6666 
 653.6666 
 682.6666 
 671.3333 
 569.6666 
 408 
 239 
 93.99999 
-71.33333 
-255 
-447.6666 
-644.9999 
-848.9999 
-1052.667 
-1250 
-1434.667 
-1605.667 
-1763 
-1952.667 
-2233.333 
-2598 
-2979.333 
-3324.333 
-3555.333 
-3609 
-3593 
-3561.667 
-3511.667 
-3435 
-3338 
-3229.333 
-3106.667 
-2943 
-2758.667 
-2586 
-2450.667 
-2328.333 
-2203 
-2077.667 
-1950.333 
-1825.667 
-1706 
-1593.333 
-1490 
-1394.333 
-1333.667 
-1301.667 
-1278.333 
-1277 
-1337.333 
-1436 
-1538.333 
-1640.333 
-1753.667 
-1878.667 
-2013.333 
-2157.667 
-2311 
-2472 
-2656.667 
-2899.667 
-3142 
-3357.667 
-3574.667 
-3784.333 
-3976.333 
-4147.333 
-4300.667 
-4435.333 
-4555.333 
-4662 
-4755 
-4832 
-4890.333 
-4928 
-4943.333 
-4930.333 
-4872.667 
-4785.667 
-4693 
-4614 
-4537.333 
-4453.333 
-4355 
-4247.333 
-4099 
-3873.333 
-3680 
-3499 
-3318.333 
-3138.667 
-2946.667 
-2764.667 
-2604.667 
-2462 
-2337 
-2233.333 
-2154.667 
-2113.667 
-2103.667 
-2094.333 
-2088.333 
-2079.333 
-2060.667 
-2027 
-1975 
-1918.333 
-1851 
-1770 
-1676 
-1571.333 
-1456 
-1333.667 
-1204.667 
-1074 
-951.9999 
-842.9999 
-743.3333 
-638.6666 
-521.3333 
-385.3333 
-234.6667 
-74.33333 
 87.99999 
 254.3333 
 441.6666 
 662.9999 
 909.3333 
 1169 
 1431.333 
 1692.667 
 1956 
 2215.333 
 2465 
 2698 
 2910.333 
 3094.667 
 3245.333 
 3349.333 
 3418.667 
 3442 
 3420.333 
 3371 
 3312.333 
 3247.667 
 3155 
 3036.667 
 2891.667 
 2731.667 
 2567 
 2400.333 
 2237 
 2083.667 
 1945.333 
 1828.667 
 1739 
 1689 
 1686.667 
 1702 
 1725.333 
 1758 
 1808 
 1871.667 
 1963.333 
 2097.667 
 2264.667 
 2524 
 2877.333 
 3233.667 
 3501 
 3614.333 
 3668.667 
 3691 
 3690.667 
 3676.667 
 3651 
 3613.667 
 3535.667 
 3401.333 
 3230.667 
 3061 
 2888 
 2711 
 2535.667 
 2359.333 
 2183.667 
 2010.333 
 1843 
 1678.667 
 1516.667 
 1354 
 1187.667 
 1015.333 
 837.6666 
 653.3333 
 462.6666 
 270.6667 
 81.33333 
-101 
-272.6667 
-428 
-563.6666 
-672.3333 
-755.6666 
-818.3333 
-864.9999 
-898.9999 
-897.6666 
-854.6666 
-781.3333 
-689.9999 
-593.3333 
-504 
-434.3333 
-397.6667 
-404.6667 
-424.6667 
-443.3333 
-464.6666 
-491 
-526.3333 
-569.3333 
-624.9999 
-699.9999 
-791.9999 
-897.9999 
-1009.333 
-1117.333 
-1212.667 
-1279 
-1314.333 
-1336.667 
-1342.333 
-1317.667 
-1264.333 
-1184.667 
-1040.667 
-839.9999 
-652.3333 
 351 
 370.3333 
 377 
 362.6667 
 333 
 286.3333 
 206.6667 
 103.6667 
-3 
-103 
-183 
-237.3333 
-265.3333 
-242 
-186 
-85.66666 
 50 
 204.6667 
 375 
 653.9999 
 999.9999 
 1301.333 
 1435.333 
 1382 
 1304 
 1198 
 1084.667 
 983.3333 
 883.9999 
 788.3333 
 700.6666 
 625.3333 
 551.9999 
 482.6666 
 419.6667 
 371 
 341.3333 
 329.3333 
 334.6667 
 370.3333 
 426.6666 
 496.6666 
 676.3333 
 846.3333 
 845.6666 
 794.9999 
 712.9999 
 607.9999 
 491.3333 
 372.3333 
 260.6667 
 167.3333 
 84.33333 
-8.333333 
-96.66666 
-174.3333 
-242.6667 
-297.3333 
-330.3333 
-329 
-247.3333 
-101.3333 
 44.66666 
 204.3333 
 368.3333 
 544.6666 
 732.6666 
 927.3333 
 1127 
 1330.333 
 1540 
 1754.667 
 1963 
 2146.333 
 2309 
 2458.333 
 2558 
 2588.667 
 2546.667 
 2447.667 
 2339.333 
 2254 
 2205 
 2200.667 
 2354.333 
 2718 
 2871.333 
 3019.333 
 3166 
 3310 
 3446.333 
 3571.667 
 3686 
 3786.333 
 3862.333 
 3910.667 
 3929 
 3914.333 
 3864.333 
 3774.667 
 3634 
 3444.667 
 3217 
 2960.667 
 2677.333 
 2344 
 1969.667 
 1566.667 
 1148.333 
 725.6666 
 314 
-76.33333 
-432 
-739.6666 
-987.3333 
-1162 
-1281.333 
-1385 
-1478 
-1552 
-1608.667 
-1675.333 
-1750 
-1791 
-1814 
-1834.333 
-1860.667 
-1908.667 
-1972 
-2042.667 
-2116.333 
-2187.333 
-2270 
-2363.667 
-2444.333 
-2506.667 
-2559 
-2601.333 
-2633 
-2648 
-2622.667 
-2564.667 
-2500.333 
-2450.667 
-2418.333 
-2393.333 
-2388 
-2391.667 
-2400 
-2418.667 
-2446.333 
-2487.333 
-2545.667 
-2612 
-2678.333 
-2735.667 
-2757.333 
-2743.333 
-2698.333 
-2629.333 
-2548 
-2459.333 
-2304 
-2067.333 
-1773 
-1445.667 
-1109.667 
-788.9999 
-508.3333 
-298.3333 
-187.3333 
-192.6667 
-290.6667 
-405.6667 
-498 
-599.3333 
-705.9999 
-811.9999 
-913.3333 
-1003.333 
-1079.333 
-1134 
-1164 
-1165.667 
-1145 
-1105.667 
-1050.333 
-971.9999 
-866.9999 
-744.3333 
-509 
-165.3333 
 251.6667 
 595.6666 
 850.9999 
 1041 
 1121 
 1087.667 
 1035.333 
 981.9999 
 893.3333 
 773.3333 
 624.9999 
 466 
 313.6667 
 181.3333 
 81.99999 
 26.66666 
 26.66666 
 77.66666 
 161.6667 
 267.3333 
 373 
 480 
 589.6666 
 699.9999 
 788.3333 
 846.6666 
 871.9999 
 852.9999 
 795.3333 
 747.6666 
 696.6666 
 646.6666 
 601.9999 
 574.9999 
 573.9999 
 574.6666 
 578.6666 
 581.3333 
 568.9999 
 453.6666 
 300.6667 
 176.6667 
 52 
-72.99999 
-199 
-327.6667 
-458.3333 
-591.9999 
-728.9999 
-873.6666 
-1036.333 
-1206.333 
-1371 
-1518.667 
-1654.333 
-1782 
-1899.667 
-2000.667 
-2076.667 
-2129.333 
-2161.333 
-2170.333 
-2150.333 
-2104.667 
-2042.667 
-1973.333 
-1896 
-1801.333 
-1691 
-1564.667 
-1431.667 
-1304.667 
-1181.667 
-1081.667 
-1031.333 
-1004 
-971.6666 
-939.9999 
-905.6666 
-851.9999 
-851.3333 
-814.9999 
-747.9999 
-632.9999 
-474.6666 
-302.6667 
-142.3333 
-16 
 54 
 59 
 30.66666 
-7 
-48.33333 
-83.33333 
-119.3333 
-147 
-162.3333 
-162.3333 
-156 
-144 
-127.3333 
-105.3333 
-77.33333 
-42.33333 
-1.333333 
 43 
 88.33333 
 132.6667 
 176 
-14.33333 
-120.3333 
-170.3333 
-187.6667 
-196.3333 
-192.3333 
-141 
-30.33333 
 141.3333 
 375.3333 
 649.9999 
 937.3333 
 1208.333 
 1465.667 
 1640 
 1640 
 1509 
 1262 
 906.6666 
 477.6666 
 8.333333 
-482.6666 
-972.6666 
-1433.667 
-1838 
-2159.333 
-2370.667 
-2508 
-2608 
-2693 
-2768.667 
-2819 
-2840.333 
-2829.333 
-2784 
-2708.667 
-2611.333 
-2487.667 
-2335 
-2173 
-2014.667 
-1836.333 
-1599 
-1331.333 
-1077.333 
-876.3333 
-716.3333 
-562.9999 
-400.6667 
-227.3333 
-26.66666 
 241 
 575.6666 
 959.3333 
 1382.333 
 1832 
 2283.333 
 2710.333 
 3085 
 3381.333 
 3572 
 3635.667 
 3577 
 3436.333 
 3265.333 
 3103.333 
 2933.667 
 2752.667 
 2558.667 
 2356.667 
 2151 
 1939.333 
 1726.667 
 1518.667 
 1321 
 1139 
 978.6666 
 845.3333 
 736.6666 
 692.9999 
 725.3333 
 785.3333 
 895.9999 
 1007.333 
 1057.667 
 1026.333 
 959.6666 
 892.3333 
 850.9999 
 819.3333 
 792.3333 
 772.9999 
 765.9999 
 775.3333 
 805.6666 
 864.9999 
 948.6666 
 1045 
 1143.667 
 1242 
 1342.333 
 1444 
 1548.333 
 1658.667 
 1765 
 1855.667 
 1920 
 1997.667 
 2100 
 2239.333 
 2392.667 
 2547.333 
 2696.333 
 2832 
 2946.333 
 3032.333 
 3082.667 
 3089 
 3044 
 2947.333 
 2809.667 
 2649.667 
 2479.667 
 2313 
 2152.333 
 1967 
 1760 
 1543 
 1336.667 
 1181.333 
 1063 
 967.3333 
 899.6666 
 883.9999 
 894.6666 
 857.3333 
 803.6666 
 785.9999 
 753.9999 
 704.3333 
 636.6666 
 556.6666 
 467.6666 
 371 
 255.6667 
 121.3333 
-30.66666 
-196 
-370.6667 
-549.9999 
-731.6666 
-918.6666 
-1108 
-1292 
-1466 
-1626.667 
-1772.333 
-1902.333 
-2015.667 
-2110.333 
-2177.667 
-2216 
-2223 
-2199 
-2125 
-2000 
-1859 
-1729.333 
-1596.333 
-1457.333 
-1317 
-1180 
-1049.333 
-943.9999 
-863.3333 
-791.6666 
-714.6666 
-634.6666 
-561.9999 
-495.6666 
-433.3333 
-374.3333 
-316 
-257 
-195.6667 
-130.6667 
-60 
 28.33333 
 145.6667 
 274.6667 
 402.3333 
 531.9999 
 650.6666 
 750.9999 
 824.9999 
 683.9999 
 479.6666 
 259.6667 
-14 
-318.6667 
-615.3333 
-1087.667 
-1396.333 
-1724 
-2055.333 
-2374 
-2665 
-2912 
-3104.667 
-3262 
-3387 
-3483 
-3552.333 
-3597 
-3621 
-3638.333 
-3662.667 
-3692.667 
-3719.667 
-3741 
-3755.333 
-3763.333 
-3739 
-3709.667 
-3651 
-3574.333 
-3489.333 
-3405.333 
-3332 
-3282.333 
-3289.667 
-3362.667 
-3508.333 
-3930.333 
-4383 
-4864 
-5360.667 
-5861.333 
-6354.333 
-6827 
-7267.333 
-7663.333 
-8003.666 
-8275.666 
-8467.666 
-8581.666 
-8639.333 
-8641.999 
-8588.666 
-8489.666 
-8361.999 
-8198.999 
-8005.333 
-7789.333 
-7557 
-7314.666 
-7068.666 
-6827.333 
-6596 
-6382.333 
-6193.333 
-6035 
-5911 
-5815.333 
-5744 
-5698.667 
-5665.333 
-5608 
-5528.667 
-5452.333 
-5391 
-5325 
-5264 
-5204.667 
-5143.667 
-5081 
-5020 
-4950 
-4849.333 
-4721 
-4572.333 
-4410.667 
-4250 
-4100 
-3958 
-3812 
-3662 
-3469 
-3231 
-3009.667 
-2805 
-2613 
-2425.667 
-2234 
-2037 
-1831.333 
-1617 
-1366 
-1075.667 
-730.6666 
-138 
 1664 
 2230.667 
 2688.333 
 3156.667 
 3694 
 4410.667 
 4998.667 
 5502.667 
 5852 
 6064.333 
 6223 
 6466.333 
 6758 
 7079.333 
 7415.333 
 7752.666 
 8077 
 8372.999 
 8642.333 
 8859.333 
 8954.666 
 9028.666 
 9103.333 
 9194.666 
 9455.666 
 9636.333 
 9812.999 
 9984.666 
 10150.33 
 10307.67 
 10456.33 
 10598.67 
 10734.67 
 10858.33 
 10967 
 11054.67 
 11116.67 
 11149.67 
 11157.67 
 11147.67 
 11132 
 11115.67 
 11092.33 
 11055 
 11001.67 
 10922.67 
 10809.33 
 10687.67 
 10557.33 
 10417 
 10269.33 
 10086 
 9881.333 
 9678.999 
 9480.999 
 9286.999 
 9092.333 
 8897.333 
 8705.666 
 8519.666 
 8341.666 
 8175.666 
 8023.666 
 7890 
 7797.666 
 7743.333 
 7694.666 
 7652.333 
 7588 
 7492.333 
 7388.666 
 7283.333 
 7185 
 7101 
 7031 
 6969 
 6952.666 
 6951.666 
 6981.333 
 7014.333 
 7036.333 
 7048.666 
 7048 
 7037.666 
 7019.666 
 7006.333 
 6988.333 
 6924.333 
 6858.666 
 6859.333 
 6842.666 
 6689 
 6401.667 
 6078.333 
 5727.333 
 5350.667 
 4957.333 
 4554.333 
 4151 
 3755 
 3375 
 3019.333 
 2683 
 2357 
 2039.333 
 1729 
 1424.667 
 1119 
 790.3333 
 446.3333 
 100.3333 
-280.3333 
-731.9999 
-1201.333 
-1638.333 
-1988 
-2199.667 
-2239.667 
-1824.333 
-1186 
-373 
 482.3333 
 1718 
 2918.667 
 3596.333 
 5847 
 5499.667 
 5134.333 
 4771.333 
 4402 
 3719 
 2538.333 
 1024 
-659.6666 
-2597.333 
-11562.67 
-15199 
-17352.33 
-18156.33 
-18858 
-19444.67 
-19901.33 
-20210 
-20417.67 
-20578.33 
-20729.33 
-20870.33 
-20998 
-21110.67 
-21206.67 
-21283.33 
-21337 
-21365.33 
-21365.67 
-21335.33 
-21272.67 
-21175.67 
-21044.33 
-20892 
-20721.67 
-20527.33 
-20272.67 
-19957.67 
-19591 
-19179.67 
-18733.67 
-18259 
-17764.33 
-17257.33 
-16755.67 
-16217.33 
-15529.67 
-14731 
-13872.33 
-13004 
-12175.67 
-11433.67 
-10802.33 
-10304.33 
-9898.999 
-9247.999 
-8155.666 
-6864 
-5624.333 
-4627.667 
-3888 
-3302.333 
-2679.667 
-2024.333 
-1357 
-699.9999 
-74.99999 
 495 
 989.3333 
 1384 
 1727 
 2043 
 2321.667 
 2542 
 2773.333 
 3009.333 
 3237.333 
 3452.333 
 3646.667 
 3823.333 
 3984 
 4132 
 4290.667 
 4513 
 4802.333 
 5138.333 
 5501.667 
 5871 
 6227 
 6547.667 
 6814.667 
 7006.333 
 7103 
 7117.333 
 7069.333 
 7026 
 6981.666 
 6930.666 
 6850.333 
 6731.333 
 6599.667 
 6460 
 6307 
 6145 
 5971 
 5784 
 5588 
 5387.667 
 5186 
 4987.667 
 4796 
 4615 
 4449 
 4301.667 
 4177 
 4078.667 
 4010.333 
 3978.333 
 4364 
 4693.667 
 4946 
 5034.333 
 5031 
 5029 
 5024.333 
 5002 
 4960.667 
 4906 
 4845.333 
 4783.667 
 4728.333 
 4675.667 
 4618 
 4558.333 
 4490.667 
 4440.667 
 4415 
 4384.333 
 4342.667 
 4293.333 
 4237.333 
 4176 
 4110.667 
 4045.667 
 3984 
 3925.667 
 3867.667 
 3802.667 
 3717 
 3617.333 
 3512 
 3401 
 3283 
 3160.333 
 3032.667 
 2899 
 2763.333 
 2627.667 
 2494.333 
 2366.667 
 2247.333 
 2138.333 
 2042.333 
 1959 
 1886 
 1822.667 
 1767.667 
 1719.333 
 1676 
 1634.667 
 1597.333 
 1563.667 
 1529 
 1494.667 
 1463 
 1430.667 
 1394.667 
 1355 
 1310.333 
 1253.667 
 1187.333 
 1116.333 
 1045.333 
 978.3333 
 919.6666 
 873.6666 
 834.3333 
 801.3333 
 768.6666 
 728.9999 
 684.6666 
 640.6666 
 600.9999 
 570.3333 
 545.9999 
 523.9999 
 502.6666 
 480.6666 
 458.6666 
 436.6666 
 415.3333 
 394 
 373.3333 
 353.6667 
 334 
 315.6667 
 298 
 281.6667 
 266 
 251.6667 
 239 
 227.6667 
 218 
 210.6667 
 203.6667 
 195.6667 
 187.6667 
 182 
 178 
 175 
 172.6667 
 170.6667 
 168.6667 
 165.6667 
 162 
 158.6667 
 159.6667 
 163 
 166.3333 
 168.3333 
 168.3333 
 165.6667 
 159.3333 
 149 
 133.6667 
 110 
 63.66666 
-5.333333 
-84.66666 
-162.3333 
-226.6667 
-281.3333 
-333.6667 
-386.3333 
-439 
-489.3333 
-537.6666 
-581.3333 
-620.9999 
-654.6666 
-682.9999 
-707.6666 
-727.9999 
-742.6666 
-750.6666 
-750.6666 
-741.9999 
-722.3333 
-690.6666 
-649.3333 
-603.6666 
-557.3333 
-511.3333 
-463 
-412.3333 
-362 
-313.6667 
-269 
-230.6667 
-204.6667 
-194.6667 
-195.6667 
-201.6667 
-206 
-214 
-225.6667 
-241.6667 
-261.6667 
-286 
-311.3333 
-334.6667 
-356.6667 
-376 
-392.3333 
-404.3333 
-411.3333 
-413.6667 
-413.3333 
-413 
-415.6667 
-426.6666 
-447.6666 
-476 
-507.3333 
-537.6666 
-569.9999 
-610.3333 
-656.6666 
-706.3333 
-757.3333 
-806.9999 
-851.9999 
-884.9999 
-903.9999 
-908.9999 
-896.9999 
-847.6666 
-767.9999 
-675.3333 
-577.9999 
-455 
-313.3333 
-164.6667 
-19.66667 
 109.6667 
 212 
 275.6667 
 293.6667 
 289 
 268.6667 
 240 
 208.3333 
 175.6667 
 145.3333 
 120 
 94.33333 
 63.66666 
 34.66666 
 6.333333 
-23 
-49.66666 
-73.66666 
-92.66666 
-106 
-114.3333 
-120 
-125 
-128.6667 
-128.3333 
-120.6667 
-107.6667 
-94.66666 
-87.99999 
-107.3333 
-141.3333 
-179.6667 
-210.6667 
-243.6667 
-279.3333 
-314.6667 
-345.6667 
-369 
-381.6667 
-382.6667 
-377.6667 
-366 
-348.3333 
-324.6667 
-294.6667 
-257 
-212.3333 
-164.6667 
-116.3333 
-66.99999 
-17.66667 
 30.66666 
 77.33333 
 120.3333 
 160.6667 
 197 
 227 
 251.3333 
 273.6667 
 295.3333 
 318.6667 
 346.6667 
 380.3333 
 421 
 469.6666 
 525.3333 
 588.6666 
 659.9999 
 784.3333 
 933.6666 
 1029.333 
 1098.667 
 1163.333 
 1224.667 
 1286 
 1348 
 1408 
 1464 
 1512 
 1550 
 1575.333 
 1586.333 
 1584 
 1570.333 
 1545.667 
 1511.333 
 1471.333 
 1430.333 
 1392.667 
 1357 
 1321.667 
 1282.333 
 1223.667 
 1157.667 
 1098 
 1058.333 
 1047.333 
 1047 
 1053.667 
 1067.667 
 1087 
 1110.667 
 1140 
 1174 
 1205 
 1221.333 
 1221.333 
 1208.667 
 1186 
 1153 
 1098.667 
 1030.333 
 977.6666 
 922.9999 
 863.3333 
 800.3333 
 735.9999 
 670.3333 
 603.3333 
 535.3333 
 467 
 398.3333 
 330 
 263 
 197 
 133.3333 
 71.66666 
 13 
-43.66666 
-98.33333 
-153 
-206.3333 
-257 
-303.3333 
-344 
-378.3333 
-407.6667 
-434.6666 
-460 
-486 
-515.3333 
-545.3333 
-573.6666 
-597.6666 
-614.9999 
-631.9999 
-648.6666 
-665.9999 
-686.3333 
-704.9999 
-720.6666 
-736.3333 
-751.6666 
-763.3333 
-769.6666 
-771.9999 
-771.3333 
-768.9999 
-766.6666 
-764.3333 
-763.9999 
-763.6666 
-761.6666 
-754.6666 
-732.9999 
-707.9999 
-681.3333 
-651.3333 
-619.3333 
-587.6666 
-557.9999 
-531.6666 
-509 
-492.3333 
-478.6666 
-466.3333 
-452.3333 
-434.3333 
-413 
-387.3333 
-356.6667 
-326.6667 
-299 
-277.3333 
-257 
-234.3333 
-206 
-176.3333 
-147.6667 
-124.3333 
-110.3333 
-107 
-110.6667 
-118.6667 
-127 
-134.3333 
-139.6667 
-142.6667 
-145.6667 
-148.6667 
-150.3333 
-151.3333 
-153.3333 
-145.6667 
-125.3333 
-108 
-109 
-128.3333 
-159.3333 
-199.6667 
-244.6667 
-290.6667 
-333.3333 
-378 
-425.6667 
-475.3333 
-526.3333 
-577.6666 
-626.3333 
-673.6666 
-719.6666 
-765.6666 
-809.9999 
-851.6666 
-890.6666 
-926.3333 
-958.9999 
-986.3333 
-1009.667 
-1027.333 
-1041.333 
-1057.667 
-1075 
-1092.667 
-1110 
-1126.333 
-1144.667 
-1177.667 
-1216.667 
-1246 
-1272.333 
-1298.667 
-1323.333 
-1346.333 
-1363 
-1376.333 
-1387.333 
-1395 
-1396 
-1391 
-1381.667 
-1369.333 
-1355.667 
-1340.667 
-1326 
-1309.667 
-1288 
-1262 
-1233.333 
-1205 
-1180.333 
-1158.667 
-1139.667 
-1121.667 
-1103.667 
-1083.333 
-1059.333 
-1038 
-1016.333 
-992.9999 
-966.6666 
-935.6666 
-903.6666 
-871.6666 
-840.3333 
-810.3333 
-784.3333 
-765.9999 
-751.9999 
-736.6666 
-714.9999 
-686.9999 
-657.9999 
-628.3333 
-597.6666 
-565.9999 
-527.3333 
-453.3333 
-368.6667 
-281.3333 
-183.3333 
-77.33333 
 34 
 149.6667 
 259.3333 
 360 
 454.3333 
 539.6666 
 612.9999 
 671.3333 
 724.9999 
 774.6666 
 819.3333 
 846.3333 
 859.9999 
 870.6666 
 879.9999 
 890.3333 
 902.9999 
 917.3333 
 932.6666 
 949.3333 
 965.9999 
 982.6666 
 998.6666 
 1014 
 1028 
 1040.667 
 1053.667 
 1067.333 
 1079.667 
 1088.333 
 1093.333 
 1100.667 
 1112.667 
 1128.333 
 1144.333 
 1161.333 
 1178.333 
 1195.333 
 1216.333 
 1236 
 1244 
 1249 
 1248.667 
 1241.333 
 1227.667 
 1209.333 
 1188 
 1165.333 
 1143.333 
 1124 
 1106 
 1084 
 1060 
 1034.333 
 1007 
 976.3333 
 944.9999 
 912.6666 
 878.9999 
 845.3333 
 812.6666 
 781.9999 
 752.3333 
 724.3333 
 699.3333 
 678.3333 
 661.3333 
 648.3333 
 643.9999 
 663.6666 
 695.6666 
 725.6666 
 738.3333 
 743.3333 
 746.3333 
 747.6666 
 746.6666 
 743.3333 
 735.3333 
 722.6666 
 704.9999 
 682.9999 
 658.9999 
 634.6666 
 610.9999 
 579.9999 
 540.6666 
 501.6666 
 459.3333 
 437 
 420.3333 
 404.6667 
 389.3333 
 376.3333 
 366 
 358 
 351 
 345 
 338.6667 
 335.3333 
 332 
 331 
 332.6667 
 337 
 342.6667 
 348.3333 
 355.3333 
 361.3333 
 367.6667 
 372.6667 
 377 
 380 
 382 
 382.3333 
 380.6667 
 377 
 369 
 356 
 331.6667 
 302.3333 
 274 
 245.6667 
 218 
 191 
 163.3333 
 132.3333 
 85.66666 
 27.66666 
-32.33333 
-83.99999 
-133.3333 
-182.6667 
-230.3333 
-275.3333 
-314.6667 
-347.6667 
-373 
-389.6667 
-402.3333 
-413.6667 
-423.3333 
-430.6666 
-434 
-426.6666 
-409 
-386 
-363 
-342 
-320.3333 
-302.3333 
-283 
-262.6667 
-243.3333 
-224.6667 
-207 
-191.3333 
-178.3333 
-168 
-160.3333 
-156 
-154.3333 
-156.3333 
-161.3333 
-170.3333 
-183 
-202.6667 
-222.3333 
-239.6667 
-254.3333 
-260.6667 
-264 
-264.3333 
-259.3333 
-250.6667 
-236.3333 
-216.6667 
-193 
-166 
-138.3333 
-110 
-82.66666 
-56 
-26 
-4 
 12.66667 
 26.66666 
 40 
 53.33333 
 70.66666 
 91.33333 
 110.6667 
 132 
 148 
 141.3333 
 134 
 128 
 121.3333 
 114.6667 
 107.6667 
 101.3333 
 95.33333 
 68.99999 
-15.33333 
-94.66666 
-134 
-172 
-208 
-238 
-261.3333 
-279 
-291 
-298.3333 
-298.3333 
-286.6667 
-266.6667 
-241.6667 
-215 
-191 
-173 
-164.6667 
-153 
-121.3333 
-70.99999 
-7 
 64 
 136.6667 
 207.3333 
 270.6667 
 323 
 361 
 379.3333 
 377.6667 
 376.3333 
 380 
 388.3333 
 400.3333 
 414.6667 
 431.3333 
 457.3333 
 484 
 502.6666 
 514.3333 
 516.6666 
 517.9999 
 516.9999 
 508.6666 
 496.3333 
 482 
 467.3333 
 453.3333 
 436.6666 
 421 
 410.3333 
 405.3333 
 401.6667 
 395.6667 
 385.6667 
 374.6667 
 363 
 348.6667 
 324.6667 
 283.6667 
 227.3333 
 157 
 74.99999 
-15.66667 
-110.3333 
-206 
-298.6667 
-392 
-473.3333 
-552.9999 
-632.3333 
-712.3333 
-792.9999 
-875.9999 
-979.9999 
-1106 
-1243.667 
-1383.667 
-1518 
-1636.333 
-1729 
-1785.667 
-1797.333 
-1779 
-1741.333 
-1694.333 
-1646.667 
-1591.333 
-1526 
-1454.333 
-1378.667 
-1302 
-1226.333 
-1155 
-1090.333 
-1034.333 
-990.6666 
-961.9999 
-949.3333 
-946.3333 
-945.3333 
-948.6666 
-956.3333 
-965.9999 
-976.9999 
-987.9999 
-996.9999 
-1003.667 
-1005 
-1000.333 
-992.3333 
-978.9999 
-963.3333 
-947.3333 
-931.9999 
-916.9999 
-903.3333 
-890.9999 
-880.9999 
-872.3333 
-866.9999 
-866.6666 
-866.3333 
-879.3333 
-907.3333 
-932.9999 
-950.9999 
-970.3333 
-991.9999 
-1016.667 
-1044.333 
-1074.667 
-1103 
-1122.333 
-1130 
-1125.667 
-1111.667 
-1087.333 
-1055.333 
-1016 
-970.3333 
-919.6666 
-865.6666 
-796.6666 
-696.9999 
-587.3333 
-483.3333 
-387 
-288 
-188 
-88.66666 
 8.666666 
 101.6667 
 188.6667 
 271 
 348.6667 
 422.6667 
 492.3333 
 554.6666 
 611.6666 
 663.3333 
 711.6666 
 761.3333 
 813.9999 
 865.9999 
 914.9999 
 964.6666 
 1010 
 1048.333 
 1080 
 1104.333 
 1120.333 
 1135.333 
 1149.333 
 1160.667 
 1170.333 
 1180.333 
 1195.333 
 1212 
 1225.333 
 1240.667 
 1256 
 1269 
 1279.667 
 1286.333 
 1287.667 
 1284 
 1274 
 1257.333 
 0 
 0 
 0 
 0 
 0 
 0 
 0 
 0 
 0 
 0 
 0 
 0 
 0 
 0 
 0 
 0 
 0 
 0 
 0 
 0 
 0 
 0 
 0 
 0 
 0 
 0 
 0 
 0 
 0 
 0 
 0 
 0 
