-0.336 
-0.192 
 0.062 
 0.128 
 0.358 
 0.342 
 0.608 
 0.398 
 0.382 
 0.328 
 0.385 
 0.273 
 0.417 
 0.264 
 0.403 
 0.447 
 0.286 
 0.250 
 0.106 
-0.112 
-0.318 
-0.286 
-0.284 
-0.420 
-0.317 
-0.531 
-0.497 
-0.292 
-0.355 
-0.283 
-0.304 
-0.353 
-0.316 
-0.347 
 0.165 
 0.174 
 0.417 
 0.340 
 0.366 
 0.427 
 0.258 
 0.496 
 0.383 
 0.175 
 0.237 
 0.383 
 0.354 
 0.325 
 0.300 
 0.149 
 0.005 
-0.175 
-0.330 
-0.370 
-0.324 
-0.312 
-0.475 
-0.537 
-0.574 
-0.668 
-0.226 
-0.403 
-0.269 
-0.256 
-0.240 
-0.113 
 0.248 
 0.248 
 0.462 
 0.422 
 0.479 
 0.469 
 0.328 
 0.285 
 0.361 
 0.306 
 0.322 
 0.303 
 0.285 
 0.380 
 0.357 
 0.147 
-0.068 
-0.233 
-0.336 
-0.464 
-0.436 
-0.453 
-0.623 
-0.558 
-0.438 
-0.358 
-0.397 
-0.562 
-0.374 
-0.088 
-0.040 
-0.005 
 0.362 
 0.524 
 0.498 
 0.284 
 0.423 
 0.270 
 0.343 
 0.324 
 0.457 
 0.346 
 0.278 
 0.140 
 0.331 
 0.231 
 0.253 
 0.236 
-0.046 
-0.231 
-0.303 
-0.455 
-0.462 
-0.457 
-0.570 
-0.442 
-0.545 
-0.500 
-0.443 
-0.497 
-0.401 
-0.419 
 0.020 
-0.077 
 0.168 
 0.210 
 0.026 
 0.417 
 0.390 
 0.295 
 0.007 
 0.330 
-0.041 
-0.064 
 0.186 
 0.151 
 0.172 
 0.181 
 0.226 
 0.116 
-0.051 
 0.051 
-0.084 
-0.237 
-0.022 
-0.200 
 0.019 
-0.235 
-0.432 
 0.024 
-0.132 
-0.341 
-0.159 
-0.294 
-0.270 
 0.059 
 0.153 
 0.082 
 0.180 
 0.316 
 0.084 
 0.224 
 0.329 
-0.032 
-0.007 
 0.226 
 0.074 
 0.105 
 0.026 
 0.072 
 0.207 
 0.131 
-0.172 
 0.166 
 0.186 
-0.185 
-0.060 
-0.256 
-0.344 
-0.309 
-0.377 
-0.314 
-0.426 
-0.111 
-0.240 
 0.031 
-0.123 
 0.007 
-0.050 
 0.156 
 0.337 
 0.269 
 0.238 
 0.362 
 0.268 
-0.101 
 0.079 
 0.249 
 0.199 
 0.282 
 0.194 
 0.010 
 0.238 
 0.200 
-0.103 
-0.144 
-0.216 
-0.291 
-0.236 
-0.409 
-0.253 
-0.424 
-0.389 
-0.343 
-0.151 
-0.044 
 0.034 
 0.007 
 0.143 
 0.147 
 0.117 
 0.094 
 0.218 
 0.026 
 0.261 
 0.244 
 0.330 
 0.124 
 0.345 
 0.236 
 0.329 
 0.147 
 0.244 
 0.320 
-0.010 
 0.091 
 0.061 
-0.252 
-0.299 
-0.376 
-0.405 
-0.419 
-0.345 
-0.417 
-0.300 
-0.154 
-0.369 
-0.375 
-0.180 
-0.388 
-0.341 
-0.259 
-0.029 
 0.373 
 0.361 
 0.275 
 0.467 
 0.324 
 0.339 
 0.272 
 0.610 
 0.266 
 0.463 
 0.228 
 0.495 
 0.336 
 0.336 
 0.346 
-0.099 
-0.135 
-0.428 
-0.348 
-0.377 
-0.543 
-0.572 
-0.494 
-0.406 
-0.369 
-0.341 
-0.272 
-0.345 
-0.323 
-0.343 
-0.182 
 0.221 
 0.370 
 0.284 
 0.536 
 0.287 
 0.443 
 0.270 
 0.335 
 0.347 
 0.377 
 0.191 
 0.412 
 0.439 
 0.214 
 0.411 
 0.044 
-0.115 
-0.064 
-0.328 
-0.410 
-0.415 
-0.522 
-0.265 
-0.614 
-0.353 
-0.504 
-0.271 
-0.327 
-0.369 
-0.204 
-0.199 
 0.033 
 0.257 
 0.267 
 0.444 
 0.450 
 0.183 
 0.355 
 0.144 
 0.227 
 0.180 
 0.423 
 0.331 
 0.498 
 0.446 
 0.218 
 0.411 
 0.171 
-0.082 
-0.253 
-0.337 
-0.499 
-0.318 
-0.524 
-0.552 
-0.646 
-0.368 
-0.203 
-0.297 
-0.367 
-0.155 
-0.093 
-0.049 
-0.033 
 0.231 
 0.312 
 0.277 
 0.380 
 0.379 
 0.517 
 0.159 
 0.250 
 0.202 
 0.436 
 0.437 
 0.357 
 0.169 
 0.176 
 0.340 
 0.232 
 0.084 
-0.082 
-0.522 
-0.409 
-0.480 
-0.400 
-0.360 
-0.398 
-0.640 
-0.530 
-0.454 
-0.636 
-0.440 
-0.370 
-0.476 
-0.033 
 0.291 
 0.292 
 0.467 
 0.565 
 0.317 
 0.215 
 0.159 
 0.343 
 0.489 
 0.406 
 0.167 
 0.381 
 0.485 
 0.298 
 0.238 
 0.119 
-0.387 
-0.312 
-0.199 
-0.156 
-0.165 
-0.311 
-0.394 
-0.487 
-0.389 
-0.379 
-0.326 
-0.078 
-0.496 
-0.363 
-0.242 
-0.021 
 0.364 
 0.279 
 0.156 
 0.314 
 0.278 
 0.144 
 0.296 
 0.354 
 0.180 
 0.237 
 0.274 
 0.250 
 0.345 
 0.107 
 0.370 
 0.173 
 0.108 
-0.204 
-0.159 
-0.521 
-0.198 
-0.594 
-0.165 
-0.376 
-0.172 
-0.411 
-0.276 
-0.443 
-0.172 
-0.347 
 0.058 
 0.075 
 0.410 
 0.025 
 0.093 
 0.140 
 0.216 
 0.214 
 0.495 
 0.202 
 0.091 
-0.048 
 0.331 
 0.381 
 0.326 
 0.183 
 0.226 
 0.138 
-0.105 
-0.226 
-0.172 
-0.183 
-0.242 
-0.420 
-0.162 
-0.500 
-0.444 
-0.294 
-0.145 
-0.378 
-0.228 
 0.062 
-0.077 
 0.424 
 0.357 
 0.234 
 0.155 
 0.211 
 0.403 
-0.040 
 0.165 
 0.272 
 0.022 
 0.259 
-0.044 
 0.040 
 0.207 
 0.186 
 0.249 
 0.373 
 0.056 
-0.268 
-0.335 
-0.374 
-0.452 
-0.126 
-0.064 
-0.209 
-0.293 
-0.236 
-0.288 
-0.248 
-0.431 
 0.006 
-0.060 
-0.049 
 0.031 
-0.084 
 0.043 
-0.013 
 0.107 
 0.080 
-0.140 
-0.057 
 0.008 
-0.127 
 0.089 
 0.243 
 0.068 
 0.168 
-0.189 
-0.162 
-0.280 
-0.133 
-0.054 
 0.127 
-0.107 
-0.063 
 0.012 
-0.133 
 0.073 
 0.069 
-0.091 
-0.003 
 0.080 
 0.159 
 0.024 
-0.016 
 0.113 
 0.143 
 0.083 
-0.167 
 0.070 
-0.250 
-0.125 
-0.021 
 0.018 
-0.107 
-0.056 
 0.031 
 0.061 
 0.073 
-0.069 
-0.266 
-0.029 
 0.127 
 0.261 
 0.221 
 0.170 
 0.048 
 0.229 
 0.143 
-0.171 
-0.017 
 0.051 
-0.094 
-0.008 
-0.047 
-0.154 
 0.117 
 0.041 
-0.054 
 0.052 
-0.104 
 0.183 
-0.191 
-0.147 
-0.056 
 0.158 
 0.337 
-0.226 
-0.090 
 0.050 
-0.079 
 0.084 
-0.117 
-0.157 
-0.033 
 0.010 
-0.109 
-0.211 
 0.057 
-0.082 
-0.131 
-0.149 
-0.048 
 0.102 
 0.137 
 0.070 
-0.029 
-0.021 
 0.133 
 0.101 
 0.274 
-0.033 
 0.206 
 0.094 
-0.149 
-0.107 
 0.237 
 0.079 
 0.016 
-0.047 
-0.197 
 0.093 
-0.025 
-0.023 
-0.108 
-0.200 
 0.193 
-0.075 
-0.211 
-0.148 
-0.104 
-0.036 
-0.202 
 0.066 
 0.135 
-0.122 
 0.001 
-0.092 
-0.071 
-0.053 
-0.022 
-0.021 
 0.049 
-0.064 
 0.349 
 0.165 
 0.001 
 0.065 
 0.248 
 0.182 
 0.244 
 0.008 
-0.017 
 0.071 
-0.171 
-0.061 
 0.222 
-0.025 
 0.067 
-0.283 
-0.193 
-0.217 
-0.151 
-0.114 
-0.342 
 0.004 
-0.070 
-0.016 
 0.096 
-0.167 
 0.007 
-0.154 
 0.077 
 0.135 
 0.263 
 0.085 
 0.099 
 0.150 
 0.029 
-0.089 
-0.037 
 0.071 
-0.087 
 0.160 
 0.017 
-0.190 
 0.223 
 0.177 
 0.172 
 0.061 
-0.090 
 0.106 
-0.074 
 0.189 
-0.238 
-0.066 
-0.102 
 0.057 
-0.072 
-0.124 
-0.082 
-0.030 
-0.085 
-0.229 
-0.087 
 0.392 
 0.403 
 0.319 
 0.082 
 0.017 
-0.089 
 0.396 
-0.182 
-0.103 
 0.064 
 0.088 
-0.081 
 0.286 
 0.070 
-0.024 
-0.122 
 0.179 
-0.324 
-0.259 
-0.061 
-0.134 
-0.161 
-0.240 
-0.097 
-0.194 
-0.294 
-0.124 
-0.052 
-0.183 
-0.038 
 0.414 
 0.117 
 0.152 
 0.231 
 0.165 
 0.014 
 0.142 
 0.161 
 0.002 
 0.121 
-0.057 
 0.103 
 0.027 
 0.076 
 0.165 
 0.047 
 0.185 
-0.081 
-0.105 
-0.052 
-0.025 
-0.287 
-0.282 
-0.213 
-0.347 
-0.243 
-0.159 
-0.347 
 0.117 
-0.176 
-0.286 
-0.027 
-0.146 
-0.132 
-0.138 
-0.011 
 0.050 
 0.040 
-0.030 
-0.209 
 0.062 
 0.146 
-0.058 
 0.265 
 0.012 
 0.261 
-0.089 
 0.098 
-0.063 
-0.067 
 0.022 
 0.112 
 0.130 
 0.096 
-0.065 
 0.133 
-0.355 
-0.410 
-0.305 
-0.107 
 0.178 
-0.109 
 0.014 
-0.219 
 0.099 
-0.102 
 0.066 
 0.078 
 0.246 
 0.100 
 0.088 
-0.262 
 0.145 
 0.087 
-0.013 
-0.262 
-0.031 
 0.313 
-0.316 
 0.327 
 0.098 
 0.214 
-0.208 
 0.351 
-0.172 
 0.053 
-0.225 
 0.099 
-0.043 
 0.053 
-0.015 
-0.228 
-0.063 
 0.036 
 0.192 
-0.103 
-0.060 
 0.019 
 0.242 
 0.105 
 0.138 
 0.014 
 0.221 
-0.066 
-0.020 
-0.043 
-0.232 
 0.151 
-0.066 
 0.235 
 0.171 
-0.179 
-0.086 
-0.209 
-0.332 
-0.215 
-0.224 
 0.036 
-0.289 
-0.285 
 0.009 
-0.236 
-0.061 
 0.232 
 0.035 
 0.014 
 0.260 
 0.085 
 0.105 
 0.399 
 0.185 
 0.011 
-0.168 
 0.104 
-0.081 
-0.026 
 0.347 
 0.098 
 0.168 
 0.053 
-0.061 
 0.021 
 0.019 
 0.254 
-0.099 
-0.028 
 0.014 
-0.327 
-0.069 
-0.132 
-0.103 
-0.023 
-0.427 
-0.041 
 0.087 
 0.074 
 0.129 
 0.023 
-0.267 
-0.040 
-0.121 
-0.151 
-0.127 
-0.167 
 0.055 
-0.159 
-0.099 
-0.234 
-0.164 
-0.010 
 0.064 
 0.059 
 0.148 
-0.083 
-0.074 
-0.115 
-0.047 
 0.161 
 0.026 
 0.040 
 0.297 
 0.084 
 0.040 
 0.322 
 0.036 
-0.009 
 0.022 
 0.237 
-0.073 
 0.219 
 0.012 
-0.267 
-0.252 
-0.022 
-0.384 
 0.207 
-0.036 
 0.042 
 0.275 
 0.007 
-0.022 
 0.047 
 0.114 
 0.090 
-0.060 
-0.102 
 0.173 
 0.248 
-0.290 
 0.144 
 0.075 
-0.021 
 0.223 
-0.009 
-0.120 
-0.185 
 0.051 
-0.274 
-0.089 
-0.235 
 0.258 
-0.190 
 0.015 
-0.218 
-0.068 
-0.056 
 0.185 
 0.083 
-0.142 
 0.097 
 0.328 
-0.014 
-0.017 
-0.022 
 0.257 
-0.134 
-0.290 
-0.100 
-0.125 
 0.365 
 0.000 
-0.144 
 0.012 
 0.081 
 0.303 
 0.019 
 0.174 
-0.013 
-0.025 
-0.283 
 0.017 
 0.004 
-0.000 
-0.192 
-0.146 
 0.106 
 0.009 
 0.095 
-0.151 
-0.002 
 0.093 
 0.150 
 0.070 
-0.121 
 0.082 
 0.167 
 0.196 
-0.020 
-0.129 
 0.160 
 0.118 
-0.020 
-0.078 
-0.087 
-0.100 
 0.000 
-0.110 
-0.197 
-0.068 
-0.092 
-0.009 
-0.091 
-0.092 
 0.017 
-0.037 
-0.138 
-0.099 
 0.044 
-0.201 
-0.081 
-0.131 
 0.135 
 0.368 
 0.431 
 0.434 
 0.510 
 0.408 
 0.093 
 0.226 
 0.164 
 0.291 
 0.401 
 0.068 
 0.099 
 0.148 
-0.078 
 0.015 
-0.257 
-0.129 
-0.170 
-0.099 
-0.092 
-0.271 
-0.193 
-0.261 
-0.098 
-0.127 
-0.060 
-0.120 
-0.196 
-0.326 
-0.334 
-0.010 
 0.192 
 0.213 
 0.336 
 0.192 
 0.258 
 0.204 
 0.116 
-0.036 
 0.133 
 0.015 
 0.112 
 0.127 
 0.069 
 0.335 
-0.012 
-0.038 
 0.118 
-0.000 
-0.239 
 0.015 
-0.099 
-0.158 
-0.186 
-0.236 
-0.266 
-0.219 
 0.159 
-0.308 
-0.197 
-0.093 
-0.180 
 0.164 
 0.118 
 0.063 
 0.317 
 0.018 
 0.139 
 0.198 
 0.033 
 0.077 
 0.197 
 0.187 
 0.063 
 0.182 
 0.072 
 0.312 
 0.069 
-0.096 
-0.302 
-0.058 
-0.272 
-0.012 
-0.017 
-0.189 
-0.215 
-0.357 
-0.210 
-0.111 
-0.316 
-0.269 
-0.060 
-0.085 
 0.001 
 0.099 
 0.225 
 0.194 
 0.175 
 0.192 
 0.159 
 0.278 
 0.294 
 0.330 
 0.157 
 0.014 
 0.058 
 0.009 
 0.082 
 0.107 
 0.231 
 0.006 
-0.112 
-0.159 
-0.056 
-0.306 
-0.129 
-0.322 
-0.188 
-0.104 
-0.327 
-0.071 
-0.410 
-0.143 
-0.278 
-0.178 
-0.470 
 0.001 
 0.090 
 0.164 
-0.016 
 0.050 
-0.139 
 0.169 
 0.113 
 0.296 
 0.543 
 0.295 
 0.397 
 0.412 
 0.544 
 0.329 
 0.336 
 0.098 
-0.224 
-0.139 
-0.332 
-0.111 
-0.365 
-0.079 
-0.349 
-0.241 
 0.046 
-0.485 
-0.349 
-0.093 
-0.264 
-0.061 
-0.305 
-0.132 
 0.077 
 0.221 
 0.105 
 0.128 
 0.175 
 0.390 
 0.128 
 0.289 
 0.111 
 0.196 
 0.272 
 0.348 
 0.429 
 0.226 
 0.201 
 0.015 
-0.098 
-0.062 
-0.113 
 0.094 
-0.422 
-0.280 
-0.240 
-0.215 
-0.123 
-0.163 
-0.237 
-0.186 
-0.233 
-0.025 
-0.210 
-0.203 
 0.057 
 0.159 
 0.157 
 0.251 
 0.163 
 0.434 
 0.100 
 0.380 
 0.090 
 0.194 
 0.316 
 0.377 
 0.541 
 0.464 
 0.290 
-0.154 
-0.219 
-0.119 
-0.204 
-0.346 
-0.432 
-0.278 
-0.137 
 0.080 
-0.477 
-0.144 
-0.175 
-0.145 
-0.050 
-0.074 
-0.060 
 0.041 
 0.219 
 0.194 
 0.084 
-0.122 
 0.237 
 0.093 
 0.301 
 0.153 
 0.141 
 0.219 
 0.025 
 0.142 
 0.048 
-0.168 
-0.093 
 0.014 
-0.362 
-0.243 
-0.272 
-0.193 
-0.084 
-0.389 
-0.101 
-0.025 
-0.266 
-0.280 
-0.449 
-0.127 
-0.021 
 0.190 
 0.071 
-0.210 
-0.137 
-0.273 
-0.429 
-0.344 
-0.216 
-0.176 
-0.389 
-0.029 
-0.196 
-0.339 
-0.226 
-0.069 
 0.031 
-0.100 
-0.015 
 0.017 
-0.250 
 0.201 
 0.276 
 0.234 
 0.348 
 0.329 
-0.031 
 0.066 
 0.111 
-0.072 
 0.131 
 0.237 
 0.374 
 0.128 
-0.170 
-0.148 
-0.125 
-0.097 
-0.135 
-0.099 
-0.276 
-0.173 
-0.379 
 0.015 
 0.024 
-0.169 
 0.033 
-0.056 
 0.069 
-0.181 
-0.161 
 0.024 
 0.263 
-0.073 
 0.245 
 0.043 
-0.017 
 0.245 
 0.235 
 0.366 
 0.309 
 0.270 
 0.135 
 0.293 
 0.083 
 0.046 
 0.146 
-0.226 
-0.208 
-0.448 
-0.302 
-0.213 
-0.269 
-0.117 
-0.231 
-0.248 
-0.270 
-0.163 
-0.262 
-0.324 
-0.193 
-0.134 
-0.194 
-0.007 
 0.280 
 0.061 
 0.123 
 0.335 
 0.430 
 0.428 
 0.152 
 0.109 
 0.393 
 0.279 
 0.205 
 0.177 
-0.045 
 0.072 
-0.075 
 0.063 
-0.165 
-0.187 
-0.159 
-0.074 
-0.362 
-0.081 
-0.254 
-0.265 
-0.093 
-0.377 
-0.020 
-0.219 
 0.123 
-0.077 
 0.070 
 0.133 
 0.164 
 0.184 
-0.105 
 0.011 
 0.210 
 0.610 
 0.351 
 0.404 
 0.255 
 0.247 
 0.270 
 0.316 
 0.222 
-0.266 
-0.416 
-0.167 
 0.063 
 0.125 
 0.045 
-0.053 
 0.210 
 0.175 
 0.080 
 0.215 
 0.313 
 0.310 
 0.372 
 0.288 
 0.265 
 0.336 
 0.289 
-0.031 
 0.067 
 0.115 
-0.207 
 0.037 
-0.225 
-0.453 
-0.279 
-0.197 
-0.471 
-0.327 
-0.386 
-0.215 
-0.439 
-0.305 
-0.172 
 0.148 
 0.278 
 0.163 
 0.271 
 0.291 
 0.209 
 0.201 
 0.156 
 0.189 
 0.217 
 0.418 
 0.318 
 0.265 
 0.011 
 0.116 
-0.098 
 0.007 
 0.037 
-0.031 
 0.104 
 0.030 
-0.188 
-0.282 
-0.282 
-0.006 
-0.431 
-0.356 
-0.188 
-0.106 
-0.201 
-0.133 
-0.207 
-0.085 
-0.204 
 0.143 
 0.264 
 0.175 
 0.376 
 0.373 
 0.157 
 0.233 
 0.481 
 0.520 
 0.257 
 0.339 
 0.277 
 0.317 
-0.112 
-0.122 
-0.187 
-0.145 
-0.280 
-0.425 
-0.117 
-0.138 
-0.061 
-0.336 
-0.136 
-0.070 
-0.179 
-0.160 
-0.361 
-0.194 
 0.004 
 0.071 
 0.023 
 0.306 
 0.157 
 0.187 
 0.400 
 0.218 
 0.231 
 0.080 
 0.148 
 0.068 
 0.258 
 0.195 
 0.288 
-0.124 
-0.035 
-0.067 
-0.208 
-0.077 
-0.170 
-0.325 
-0.313 
-0.435 
-0.381 
-0.491 
-0.502 
-0.194 
-0.238 
 0.099 
-0.449 
-0.293 
-0.264 
-0.029 
 0.171 
 0.294 
 0.179 
 0.089 
-0.152 
 0.310 
 0.059 
-0.037 
 0.179 
 0.155 
 0.379 
 0.246 
 0.336 
 0.302 
 0.087 
-0.120 
 0.219 
 0.284 
-0.093 
-0.063 
-0.350 
-0.077 
-0.425 
-0.081 
-0.491 
-0.177 
-0.572 
-0.163 
-0.329 
-0.289 
 0.006 
 0.101 
 0.080 
-0.005 
 0.380 
 0.155 
 0.187 
 0.158 
 0.559 
 0.386 
 0.389 
 0.361 
 0.367 
 0.033 
 0.016 
 0.229 
 0.020 
 0.056 
-0.264 
-0.198 
-0.085 
-0.265 
-0.490 
-0.067 
-0.350 
-0.121 
-0.408 
-0.196 
-0.102 
-0.226 
-0.060 
-0.500 
 0.035 
-0.166 
 0.054 
 0.264 
 0.080 
 0.279 
 0.382 
 0.290 
 0.091 
-0.091 
 0.451 
 0.270 
 0.323 
 0.263 
 0.305 
-0.105 
 0.007 
 0.019 
 0.186 
-0.317 
 0.080 
-0.209 
-0.134 
-0.098 
-0.281 
-0.259 
-0.137 
-0.152 
-0.167 
-0.326 
-0.195 
-0.029 
 0.162 
 0.158 
 0.318 
 0.143 
-0.078 
 0.246 
 0.225 
 0.313 
 0.162 
 0.315 
 0.101 
-0.022 
 0.396 
 0.176 
 0.017 
-0.029 
-0.221 
-0.535 
-0.113 
-0.048 
-0.189 
-0.241 
-0.170 
-0.434 
-0.181 
-0.323 
-0.261 
-0.249 
-0.299 
-0.307 
-0.343 
-0.318 
-0.148 
 0.088 
-0.190 
-0.136 
 0.065 
 0.061 
 0.102 
-0.054 
 0.060 
-0.036 
-0.013 
 0.025 
 0.121 
 0.175 
-0.009 
 0.019 
 0.126 
 0.323 
 0.223 
 0.484 
 0.196 
 0.088 
 0.109 
-0.115 
-0.337 
 0.064 
 0.112 
-0.425 
-0.198 
-0.321 
-0.251 
-0.161 
-0.385 
-0.067 
-0.060 
 0.073 
 0.091 
 0.090 
 0.288 
 0.106 
 0.150 
 0.004 
 0.524 
 0.176 
 0.103 
 0.060 
 0.259 
-0.290 
-0.133 
-0.313 
-0.297 
-0.005 
 0.010 
-0.014 
-0.089 
 0.045 
 0.040 
-0.078 
-0.004 
 0.271 
-0.172 
-0.359 
 0.302 
-0.110 
 0.020 
 0.001 
 0.106 
-0.071 
 0.107 
 0.042 
 0.205 
-0.182 
 0.078 
 0.289 
 0.062 
 0.142 
-0.016 
-0.036 
 0.104 
 0.260 
 0.160 
-0.131 
-0.136 
-0.273 
-0.352 
-0.127 
-0.083 
-0.153 
-0.029 
-0.059 
-0.054 
 0.007 
 0.057 
 0.244 
-0.169 
 0.050 
-0.102 
 0.146 
-0.088 
-0.066 
-0.096 
 0.009 
 0.247 
 0.183 
 0.370 
-0.148 
 0.001 
 0.084 
-0.023 
 0.059 
 0.055 
-0.023 
 0.276 
-0.242 
-0.068 
-0.037 
-0.170 
-0.069 
-0.065 
 0.055 
 0.093 
-0.155 
-0.241 
-0.235 
 0.017 
 0.168 
 0.037 
 0.066 
 0.084 
 0.106 
 0.188 
 0.077 
 0.069 
 0.177 
-0.025 
-0.289 
 0.006 
-0.088 
 0.102 
-0.067 
 0.055 
 0.030 
 0.233 
 0.034 
-0.130 
-0.057 
-0.278 
 0.027 
-0.012 
-0.038 
 0.108 
-0.065 
-0.024 
 0.124 
 0.114 
-0.047 
 0.137 
-0.188 
-0.195 
-0.097 
 0.044 
-0.006 
 0.158 
 0.047 
 0.162 
 0.035 
 0.094 
-0.014 
 0.006 
-0.125 
-0.230 
 0.297 
 0.176 
 0.143 
-0.094 
-0.149 
 0.176 
-0.225 
-0.278 
 0.205 
 0.058 
-0.056 
-0.130 
-0.032 
-0.169 
 0.095 
-0.211 
 0.105 
 0.245 
 0.171 
-0.161 
-0.073 
 0.213 
 0.255 
 0.292 
 0.266 
 0.326 
 0.102 
-0.170 
-0.174 
 0.021 
-0.043 
-0.081 
 0.183 
-0.031 
 0.063 
-0.349 
-0.010 
-0.206 
-0.082 
-0.022 
-0.101 
-0.162 
-0.062 
-0.037 
-0.020 
 0.103 
 0.016 
-0.044 
-0.138 
-0.014 
 0.013 
-0.182 
-0.083 
 0.120 
-0.026 
-0.262 
-0.049 
-0.112 
-0.068 
 0.087 
 0.034 
 0.209 
-0.026 
 0.017 
-0.036 
 0.267 
 0.052 
 0.414 
 0.138 
 0.022 
 0.110 
-0.147 
-0.227 
-0.387 
 0.034 
 0.215 
 0.153 
 0.110 
 0.160 
 0.234 
-0.180 
-0.044 
-0.052 
-0.066 
-0.338 
-0.114 
-0.166 
 0.053 
-0.158 
-0.247 
-0.271 
 0.093 
 0.375 
 0.023 
-0.148 
-0.067 
-0.038 
 0.013 
 0.197 
 0.209 
-0.126 
-0.080 
-0.319 
 0.075 
 0.070 
-0.074 
 0.200 
-0.113 
-0.189 
-0.186 
 0.139 
 0.040 
 0.081 
-0.087 
 0.174 
 0.007 
-0.182 
-0.126 
-0.050 
 0.231 
 0.254 
 0.226 
-0.109 
 0.163 
-0.147 
-0.027 
 0.147 
 0.134 
 0.042 
 0.073 
 0.212 
-0.017 
-0.004 
 0.018 
-0.031 
-0.301 
-0.137 
-0.036 
-0.031 
-0.513 
 0.050 
 0.074 
 0.059 
-0.106 
 0.275 
-0.177 
-0.054 
-0.154 
-0.010 
-0.052 
 0.114 
 0.085 
 0.109 
-0.051 
-0.025 
 0.145 
 0.057 
 0.005 
 0.055 
 0.197 
-0.053 
 0.256 
 0.147 
-0.109 
 0.090 
 0.047 
 0.019 
 0.182 
 0.060 
 0.122 
-0.288 
-0.336 
-0.252 
-0.154 
-0.088 
-0.244 
-0.073 
 0.004 
-0.033 
 0.143 
-0.004 
-0.075 
 0.055 
 0.280 
 0.123 
 0.018 
-0.018 
-0.194 
-0.180 
-0.251 
-0.236 
 0.143 
 0.069 
 0.325 
 0.235 
 0.285 
-0.204 
 0.265 
-0.036 
 0.246 
 0.018 
 0.148 
-0.050 
-0.083 
 0.006 
-0.008 
-0.090 
-0.298 
-0.249 
 0.067 
-0.130 
-0.106 
 0.168 
 0.056 
 0.193 
-0.003 
 0.217 
 0.335 
 0.117 
 0.139 
 0.104 
 0.290 
 0.107 
 0.144 
 0.300 
-0.065 
 0.279 
 0.114 
 0.085 
-0.007 
 0.090 
 0.120 
-0.170 
 0.078 
-0.186 
-0.016 
-0.035 
-0.147 
-0.338 
 0.013 
-0.031 
 0.045 
-0.323 
-0.266 
 0.145 
-0.198 
-0.341 
-0.034 
 0.008 
 0.138 
-0.008 
 0.162 
-0.105 
 0.205 
-0.029 
 0.092 
 0.018 
 0.117 
 0.028 
 0.018 
 0.227 
 0.057 
-0.125 
 0.093 
-0.204 
-0.107 
 0.113 
-0.134 
-0.091 
-0.117 
 0.013 
-0.068 
 0.156 
-0.013 
-0.006 
-0.125 
 0.057 
 0.124 
 0.022 
 0.254 
-0.035 
 0.114 
 0.063 
 0.246 
 0.101 
 0.217 
-0.017 
 0.037 
-0.205 
 0.006 
 0.036 
-0.074 
-0.259 
-0.227 
-0.100 
-0.283 
-0.335 
-0.216 
-0.124 
 0.059 
 0.305 
 0.144 
 0.207 
-0.069 
-0.047 
 0.290 
 0.057 
-0.159 
 0.172 
 0.065 
-0.137 
-0.103 
 0.076 
-0.078 
-0.244 
-0.012 
-0.007 
 0.124 
 0.005 
-0.045 
-0.106 
 0.124 
 0.101 
 0.150 
 0.166 
 0.028 
 0.243 
 0.045 
-0.121 
-0.114 
-0.292 
-0.124 
-0.067 
-0.205 
 0.200 
 0.129 
-0.096 
 0.188 
 0.095 
 0.297 
-0.224 
-0.346 
-0.203 
 0.243 
 0.010 
 0.341 
 0.028 
 0.250 
 0.340 
 0.404 
 0.187 
 0.082 
 0.193 
 0.058 
 0.274 
 0.339 
 0.380 
-0.029 
 0.192 
-0.180 
-0.146 
-0.054 
-0.474 
-0.526 
-0.151 
-0.355 
-0.152 
-0.030 
-0.070 
 0.057 
-0.159 
-0.292 
-0.053 
 0.061 
 0.075 
-0.007 
 0.139 
 0.064 
 0.213 
 0.078 
 0.102 
 0.079 
 0.083 
 0.347 
 0.171 
 0.264 
 0.390 
 0.138 
 0.263 
-0.055 
-0.142 
 0.005 
-0.052 
-0.267 
-0.187 
-0.203 
-0.086 
-0.231 
-0.042 
-0.332 
-0.099 
-0.237 
-0.298 
-0.609 
-0.251 
-0.236 
 0.024 
 0.062 
 0.183 
 0.357 
 0.240 
 0.451 
 0.122 
 0.192 
 0.394 
 0.142 
 0.313 
 0.143 
 0.309 
 0.309 
-0.143 
-0.030 
 0.085 
-0.094 
-0.169 
-0.037 
-0.119 
-0.382 
-0.038 
-0.343 
-0.133 
-0.322 
-0.310 
-0.440 
-0.043 
-0.050 
-0.002 
-0.131 
-0.166 
 0.054 
 0.397 
 0.328 
 0.210 
 0.293 
 0.341 
 0.236 
 0.266 
 0.315 
 0.113 
 0.277 
 0.050 
 0.028 
 0.050 
-0.003 
-0.020 
 0.020 
-0.373 
-0.459 
-0.095 
-0.327 
-0.395 
-0.246 
 0.018 
-0.155 
-0.132 
-0.150 
-0.397 
-0.142 
-0.488 
-0.383 
 0.058 
 0.168 
 0.497 
 0.473 
 0.266 
 0.062 
 0.144 
 0.138 
 0.172 
 0.201 
 0.257 
 0.439 
 0.233 
 0.153 
 0.130 
 0.135 
-0.002 
-0.032 
-0.122 
-0.107 
 0.017 
-0.250 
-0.284 
-0.128 
-0.227 
-0.344 
-0.185 
-0.232 
-0.313 
-0.153 
-0.172 
-0.178 
 0.053 
 0.326 
 0.084 
 0.373 
 0.119 
 0.168 
 0.045 
 0.392 
 0.313 
 0.102 
 0.285 
 0.212 
 0.040 
 0.346 
 0.115 
 0.161 
 0.159 
-0.051 
-0.026 
-0.341 
-0.294 
-0.140 
-0.093 
-0.235 
-0.019 
-0.178 
-0.334 
-0.379 
-0.176 
-0.215 
-0.392 
-0.239 
-0.053 
 0.210 
 0.121 
 0.381 
 0.119 
 0.066 
 0.096 
 0.147 
 0.186 
 0.204 
 0.211 
-0.014 
 0.356 
 0.146 
 0.331 
 0.222 
-0.040 
 0.079 
-0.014 
-0.086 
-0.034 
 0.083 
-0.159 
-0.377 
-0.311 
-0.521 
-0.198 
-0.155 
-0.315 
-0.386 
-0.444 
-0.290 
 0.161 
 0.120 
 0.292 
 0.296 
-0.008 
 0.221 
 0.474 
 0.101 
 0.328 
 0.244 
 0.199 
 0.196 
 0.314 
 0.209 
 0.286 
 0.199 
-0.169 
 0.008 
-0.223 
 0.065 
-0.194 
-0.489 
-0.133 
-0.365 
-0.424 
-0.218 
-0.472 
-0.300 
-0.247 
-0.338 
 0.100 
 0.021 
 0.012 
 0.039 
-0.334 
-0.240 
-0.177 
-0.209 
-0.204 
 0.009 
-0.218 
 0.102 
-0.315 
-0.186 
-0.207 
-0.170 
-0.156 
-0.060 
 0.231 
 0.027 
 0.239 
 0.133 
 0.290 
 0.118 
 0.395 
 0.206 
 0.209 
 0.151 
 0.210 
 0.092 
-0.035 
-0.133 
-0.078 
 0.376 
 0.087 
 0.185 
-0.019 
 0.018 
-0.201 
-0.298 
-0.282 
-0.136 
-0.235 
-0.237 
-0.330 
-0.372 
-0.228 
-0.146 
-0.361 
-0.243 
 0.148 
 0.091 
 0.166 
 0.172 
 0.372 
 0.149 
 0.159 
 0.442 
 0.179 
 0.152 
 0.188 
 0.279 
 0.291 
 0.155 
 0.122 
 0.104 
 0.091 
-0.027 
-0.155 
 0.059 
-0.456 
-0.406 
-0.648 
-0.532 
-0.280 
-0.337 
-0.153 
-0.075 
 0.087 
 0.029 
 0.040 
-0.061 
 0.060 
 0.153 
 0.365 
 0.368 
 0.381 
 0.423 
 0.147 
 0.319 
 0.033 
 0.216 
 0.279 
 0.106 
-0.067 
 0.062 
-0.037 
-0.031 
-0.177 
-0.241 
-0.159 
-0.216 
-0.287 
-0.310 
-0.252 
-0.163 
-0.167 
-0.064 
 0.034 
 0.169 
 0.108 
 0.263 
 0.270 
 0.075 
 0.067 
-0.032 
-0.003 
-0.126 
 0.232 
 0.176 
-0.100 
-0.026 
 0.025 
-0.180 
 0.170 
-0.017 
-0.058 
 0.091 
-0.006 
-0.279 
 0.184 
 0.376 
 0.246 
 0.225 
 0.326 
 0.356 
 0.091 
 0.071 
-0.016 
 0.335 
 0.250 
 0.266 
 0.258 
 0.121 
 0.164 
 0.097 
 0.074 
-0.207 
 0.120 
-0.013 
 0.011 
-0.191 
-0.152 
-0.364 
-0.132 
-0.194 
-0.445 
-0.491 
-0.434 
-0.145 
-0.107 
-0.018 
 0.288 
 0.222 
 0.070 
 0.241 
 0.228 
 0.088 
 0.014 
 0.224 
-0.092 
 0.230 
 0.032 
-0.180 
 0.124 
 0.159 
 0.174 
 0.264 
 0.037 
 0.117 
-0.018 
-0.120 
-0.208 
-0.050 
-0.144 
 0.075 
-0.259 
-0.298 
-0.204 
 0.121 
-0.188 
-0.261 
-0.243 
-0.194 
 0.015 
 0.300 
 0.181 
 0.318 
-0.096 
 0.138 
 0.203 
 0.021 
 0.064 
 0.182 
 0.140 
 0.049 
 0.140 
-0.002 
 0.175 
 0.082 
 0.150 
 0.062 
-0.178 
-0.189 
-0.190 
-0.275 
-0.360 
-0.220 
-0.258 
 0.092 
 0.143 
-0.070 
-0.034 
-0.308 
-0.119 
-0.228 
 0.171 
 0.354 
 0.205 
 0.064 
 0.155 
 0.136 
 0.029 
 0.005 
 0.051 
 0.084 
 0.242 
 0.411 
 0.306 
 0.269 
 0.021 
-0.058 
-0.183 
-0.098 
-0.170 
 0.077 
-0.070 
-0.111 
-0.211 
-0.211 
-0.396 
-0.379 
-0.211 
-0.073 
-0.113 
-0.263 
-0.416 
-0.103 
 0.034 
 0.129 
 0.076 
 0.130 
 0.235 
 0.334 
-0.048 
 0.350 
 0.216 
 0.071 
 0.009 
 0.239 
 0.069 
 0.200 
 0.276 
 0.011 
 0.071 
-0.137 
-0.170 
-0.133 
-0.213 
 0.091 
 0.051 
-0.055 
-0.079 
-0.178 
-0.347 
-0.139 
-0.306 
-0.141 
-0.200 
-0.041 
 0.116 
 0.207 
 0.117 
 0.091 
 0.035 
 0.035 
 0.115 
 0.304 
-0.054 
 0.117 
 0.268 
 0.153 
 0.120 
 0.229 
 0.162 
-0.077 
 0.197 
-0.067 
-0.011 
-0.163 
-0.270 
 0.026 
-0.096 
-0.033 
-0.139 
-0.336 
-0.004 
-0.337 
-0.286 
-0.253 
-0.284 
-0.179 
 0.095 
 0.388 
 0.302 
 0.236 
 0.295 
 0.250 
 0.168 
 0.006 
 0.361 
 0.365 
 0.182 
-0.061 
 0.035 
 0.123 
 0.056 
-0.005 
 0.075 
-0.238 
-0.103 
-0.333 
-0.312 
-0.398 
-0.451 
-0.312 
-0.288 
-0.001 
-0.220 
-0.189 
-0.094 
-0.164 
-0.020 
-0.215 
 0.248 
 0.289 
 0.264 
 0.436 
 0.386 
 0.310 
 0.237 
 0.323 
 0.072 
 0.106 
 0.133 
 0.160 
 0.227 
 0.085 
 0.074 
-0.136 
-0.357 
-0.276 
-0.257 
-0.163 
-0.078 
-0.191 
-0.029 
-0.194 
-0.250 
-0.212 
-0.133 
-0.095 
-0.135 
-0.124 
 0.141 
 0.018 
-0.019 
-0.043 
 0.109 
-0.175 
-0.107 
 0.027 
 0.060 
 0.150 
-0.121 
 0.142 
 0.071 
 0.131 
 0.061 
 0.091 
 0.079 
 0.128 
 0.166 
-0.071 
-0.109 
-0.083 
-0.126 
-0.193 
 0.061 
-0.268 
 0.029 
-0.116 
-0.070 
-0.102 
-0.160 
-0.164 
 0.032 
 0.253 
 0.067 
 0.229 
 0.081 
 0.025 
-0.150 
 0.167 
-0.110 
-0.163 
 0.109 
 0.130 
 0.055 
-0.002 
 0.015 
-0.056 
 0.136 
 0.227 
 0.017 
 0.326 
-0.068 
-0.266 
-0.358 
-0.354 
 0.002 
-0.027 
 0.215 
 0.071 
 0.037 
-0.065 
 0.040 
-0.191 
-0.233 
 0.062 
 0.144 
-0.048 
 0.058 
-0.063 
 0.078 
 0.010 
-0.124 
 0.043 
 0.159 
 0.131 
 0.178 
 0.231 
 0.037 
-0.075 
 0.053 
-0.209 
 0.065 
-0.089 
-0.139 
-0.087 
-0.167 
-0.148 
-0.051 
 0.017 
-0.155 
-0.099 
-0.018 
 0.197 
 0.061 
 0.106 
 0.155 
 0.067 
-0.228 
 0.053 
 0.188 
 0.209 
 0.084 
 0.031 
 0.207 
-0.001 
 0.075 
-0.044 
 0.153 
 0.097 
 0.118 
 0.060 
-0.134 
-0.335 
-0.031 
-0.404 
-0.052 
-0.053 
 0.226 
-0.033 
-0.000 
-0.171 
-0.159 
-0.336 
-0.195 
 0.027 
-0.095 
 0.208 
 0.054 
 0.104 
 0.049 
 0.168 
 0.160 
 0.036 
 0.177 
-0.138 
-0.068 
 0.118 
-0.053 
-0.008 
-0.025 
 0.323 
 0.223 
-0.130 
 0.052 
-0.047 
 0.020 
-0.025 
 0.158 
 0.162 
 0.212 
-0.202 
-0.352 
-0.098 
 0.094 
-0.207 
-0.069 
-0.095 
-0.245 
-0.097 
-0.035 
-0.006 
 0.358 
 0.220 
 0.152 
-0.072 
 0.138 
 0.008 
 0.021 
-0.243 
-0.209 
 0.053 
 0.190 
 0.022 
-0.136 
 0.085 
-0.079 
-0.054 
 0.280 
 0.144 
-0.049 
 0.133 
-0.022 
-0.021 
 0.033 
-0.050 
-0.184 
-0.331 
-0.271 
 0.061 
-0.060 
-0.126 
-0.151 
 0.101 
-0.045 
 0.278 
 0.061 
-0.152 
-0.029 
 0.030 
 0.026 
 0.023 
 0.037 
-0.172 
-0.134 
-0.047 
 0.298 
 0.022 
 0.095 
 0.238 
 0.235 
 0.265 
-0.082 
 0.153 
-0.044 
-0.032 
-0.065 
-0.215 
-0.141 
 0.212 
 0.252 
-0.076 
-0.381 
-0.257 
-0.390 
 0.129 
 0.273 
 0.062 
-0.146 
-0.166 
 0.023 
-0.005 
-0.060 
-0.023 
-0.251 
 0.127 
 0.227 
 0.236 
 0.292 
 0.168 
-0.020 
-0.155 
-0.015 
-0.016 
 0.436 
 0.212 
 0.052 
-0.123 
-0.417 
-0.016 
-0.213 
-0.268 
-0.115 
 0.289 
-0.044 
-0.266 
-0.368 
-0.128 
-0.106 
 0.008 
 0.363 
-0.207 
 0.119 
 0.312 
 0.227 
 0.099 
-0.118 
-0.034 
-0.118 
 0.191 
 0.252 
 0.053 
-0.278 
-0.033 
-0.134 
-0.160 
 0.009 
-0.226 
 0.051 
 0.159 
 0.127 
-0.077 
-0.100 
-0.205 
 0.040 
 0.265 
-0.045 
 0.175 
-0.023 
-0.056 
-0.111 
-0.107 
-0.187 
 0.019 
-0.031 
-0.194 
-0.350 
-0.093 
 0.013 
 0.122 
 0.044 
 0.427 
-0.139 
 0.145 
-0.081 
 0.248 
 0.124 
 0.298 
 0.042 
-0.024 
 0.001 
-0.039 
-0.110 
 0.090 
-0.122 
-0.176 
-0.098 
-0.058 
-0.154 
-0.251 
 0.143 
-0.078 
 0.442 
 0.463 
-0.165 
-0.083 
-0.008 
-0.044 
-0.125 
 0.015 
 0.089 
-0.085 
 0.052 
-0.001 
-0.010 
-0.105 
-0.086 
 0.258 
-0.146 
 0.126 
 0.009 
 0.202 
 0.076 
 0.066 
 0.446 
-0.112 
 0.006 
 0.033 
 0.248 
-0.080 
 0.010 
-0.368 
-0.063 
-0.230 
 0.010 
 0.058 
-0.189 
-0.196 
 0.287 
-0.261 
 0.179 
-0.111 
-0.351 
-0.015 
 0.276 
 0.306 
 0.008 
 0.364 
-0.138 
-0.060 
 0.247 
-0.013 
 0.104 
-0.170 
-0.311 
 0.035 
-0.156 
-0.149 
 0.228 
-0.292 
-0.079 
-0.389 
-0.135 
-0.014 
-0.307 
-0.213 
 0.031 
 0.307 
 0.045 
 0.239 
 0.021 
 0.180 
 0.035 
 0.298 
-0.059 
 0.265 
 0.262 
 0.057 
-0.033 
 0.099 
 0.015 
 0.100 
-0.020 
-0.126 
 0.099 
-0.194 
-0.030 
-0.127 
-0.230 
-0.191 
-0.052 
-0.262 
-0.150 
-0.432 
-0.081 
-0.195 
-0.107 
 0.196 
 0.150 
 0.081 
 0.164 
 0.223 
 0.516 
-0.045 
 0.133 
 0.065 
-0.023 
 0.117 
 0.134 
 0.026 
 0.238 
 0.123 
-0.014 
 0.047 
 0.166 
-0.103 
-0.185 
-0.121 
-0.313 
-0.221 
-0.199 
-0.133 
-0.162 
-0.140 
-0.245 
-0.083 
-0.245 
-0.247 
-0.058 
-0.018 
 0.214 
 0.364 
 0.036 
 0.217 
 0.072 
 0.144 
-0.065 
 0.175 
 0.241 
 0.023 
 0.232 
 0.302 
 0.217 
 0.190 
 0.087 
 0.087 
-0.120 
 0.095 
-0.358 
-0.307 
-0.188 
-0.295 
-0.171 
-0.180 
-0.177 
-0.030 
-0.013 
-0.103 
-0.243 
-0.022 
-0.196 
-0.276 
 0.045 
-0.018 
 0.239 
 0.178 
 0.237 
 0.358 
 0.121 
 0.039 
-0.033 
 0.098 
 0.270 
 0.422 
 0.152 
 0.332 
 0.308 
 0.087 
-0.187 
-0.230 
-0.139 
 0.156 
-0.131 
-0.014 
-0.283 
-0.266 
-0.118 
-0.289 
-0.286 
-0.335 
-0.207 
-0.007 
-0.218 
-0.330 
 0.201 
 0.289 
 0.256 
 0.123 
 0.300 
 0.211 
 0.136 
 0.093 
-0.013 
 0.245 
-0.100 
 0.157 
 0.288 
 0.229 
 0.265 
 0.213 
-0.072 
-0.187 
 0.162 
-0.186 
-0.207 
-0.108 
-0.115 
-0.539 
-0.274 
-0.425 
-0.043 
-0.323 
-0.360 
-0.208 
-0.128 
-0.011 
 0.145 
 0.243 
 0.228 
 0.192 
 0.288 
 0.233 
 0.326 
 0.171 
 0.146 
-0.029 
 0.146 
 0.205 
-0.048 
 0.035 
 0.330 
-0.300 
 0.016 
 0.043 
-0.189 
-0.219 
-0.346 
-0.166 
-0.384 
 0.036 
-0.172 
-0.467 
-0.181 
-0.089 
-0.075 
-0.128 
-0.122 
-0.241 
 0.376 
 0.232 
 0.168 
 0.183 
 0.026 
 0.304 
 0.207 
 0.116 
 0.300 
 0.074 
 0.259 
 0.102 
 0.167 
-0.104 
 0.225 
 0.037 
-0.092 
 0.138 
-0.263 
-0.143 
-0.087 
-0.204 
-0.044 
-0.336 
-0.072 
-0.133 
 0.060 
 0.114 
-0.412 
-0.380 
-0.061 
-0.418 
 0.012 
 0.227 
 0.079 
-0.090 
 0.169 
 0.311 
 0.245 
 0.105 
 0.128 
-0.060 
 0.242 
 0.348 
 0.178 
-0.062 
 0.303 
 0.099 
 0.112 
-0.088 
 0.142 
-0.086 
-0.246 
-0.171 
-0.316 
-0.261 
-0.050 
-0.036 
-0.016 
-0.068 
-0.276 
-0.296 
-0.332 
 0.100 
 0.405 
 0.134 
 0.227 
 0.301 
 0.179 
 0.216 
 0.381 
 0.311 
 0.284 
 0.410 
-0.029 
-0.217 
 0.094 
 0.042 
 0.259 
 0.361 
-0.071 
 0.048 
-0.371 
-0.310 
-0.202 
-0.333 
-0.179 
-0.080 
-0.056 
-0.223 
-0.257 
-0.425 
-0.132 
-0.308 
 0.222 
 0.056 
 0.334 
 0.090 
 0.288 
 0.127 
 0.390 
 0.426 
 0.008 
 0.347 
 0.067 
-0.067 
 0.160 
 0.054 
-0.082 
 0.223 
-0.100 
-0.220 
-0.174 
-0.340 
-0.161 
-0.144 
-0.211 
-0.147 
-0.320 
-0.326 
 0.137 
-0.206 
-0.021 
-0.113 
 0.211 
-0.373 
 0.358 
 0.250 
 0.061 
 0.249 
-0.051 
 0.229 
 0.241 
 0.330 
 0.218 
 0.047 
 0.070 
 0.066 
-0.093 
 0.100 
-0.114 
 0.186 
-0.167 
 0.049 
-0.258 
-0.030 
 0.004 
-0.225 
-0.130 
-0.027 
 0.027 
-0.033 
-0.013 
-0.337 
-0.217 
-0.021 
-0.302 
-0.279 
 0.074 
 0.176 
 0.014 
 0.054 
 0.278 
 0.286 
 0.111 
 0.503 
 0.219 
 0.129 
 0.167 
 0.115 
 0.176 
 0.231 
 0.197 
 0.042 
-0.079 
-0.352 
-0.279 
-0.141 
-0.423 
-0.376 
-0.383 
-0.185 
-0.294 
-0.421 
 0.086 
-0.021 
 0.045 
 0.264 
-0.063 
 0.157 
 0.311 
 0.262 
-0.035 
 0.165 
-0.142 
 0.212 
-0.226 
-0.214 
-0.323 
-0.100 
 0.162 
 0.022 
-0.099 
-0.351 
-0.398 
-0.279 
-0.430 
 0.053 
 0.361 
 0.013 
 0.042 
 0.187 
 0.023 
 0.028 
 0.142 
-0.152 
 0.431 
 0.662 
-0.072 
-0.116 
-0.002 
-0.125 
 0.102 
 0.006 
-0.217 
-0.171 
 0.123 
 0.271 
-0.198 
-0.054 
-0.145 
-0.080 
 0.313 
 0.019 
 0.138 
-0.170 
-0.253 
-0.313 
-0.232 
-0.173 
-0.239 
-0.018 
 0.345 
 0.076 
 0.291 
 0.244 
 0.166 
-0.096 
 0.083 
 0.099 
 0.142 
 0.220 
 0.080 
 0.171 
 0.211 
 0.151 
 0.027 
 0.225 
 0.137 
-0.230 
-0.295 
-0.355 
-0.113 
-0.218 
-0.424 
-0.048 
 0.038 
-0.110 
 0.317 
-0.094 
-0.429 
 0.013 
-0.126 
-0.045 
 0.022 
-0.070 
 0.164 
 0.003 
 0.053 
 0.019 
-0.009 
 0.221 
 0.254 
 0.232 
 0.086 
-0.189 
 0.002 
-0.049 
 0.177 
-0.007 
-0.040 
 0.343 
 0.063 
 0.360 
-0.109 
-0.145 
-0.044 
-0.427 
-0.521 
-0.063 
-0.010 
-0.061 
-0.060 
 0.235 
 0.051 
 0.214 
 0.207 
-0.056 
 0.127 
 0.099 
 0.171 
 0.083 
 0.008 
 0.127 
-0.491 
-0.107 
-0.360 
-0.283 
-0.147 
-0.154 
 0.268 
 0.120 
 0.244 
 0.358 
 0.384 
 0.021 
 0.422 
 0.008 
 0.142 
 0.057 
 0.272 
-0.082 
-0.303 
 0.218 
 0.167 
 0.074 
 0.019 
 0.079 
-0.105 
 0.007 
 0.013 
-0.185 
-0.030 
-0.151 
 0.021 
-0.254 
-0.458 
-0.274 
-0.003 
-0.156 
-0.182 
-0.064 
 0.057 
 0.055 
 0.224 
 0.026 
 0.071 
 0.315 
 0.054 
 0.024 
 0.242 
 0.337 
 0.324 
 0.350 
 0.318 
 0.151 
-0.052 
 0.043 
 0.024 
-0.270 
-0.067 
-0.174 
-0.273 
-0.260 
-0.340 
-0.276 
-0.194 
-0.351 
-0.428 
-0.203 
 0.054 
 0.008 
 0.156 
 0.100 
-0.045 
 0.309 
 0.232 
 0.083 
 0.118 
 0.065 
 0.162 
 0.191 
-0.059 
 0.139 
 0.016 
 0.231 
-0.004 
 0.189 
 0.079 
 0.250 
-0.083 
 0.479 
 0.018 
-0.124 
-0.363 
-0.037 
-0.411 
-0.017 
-0.409 
-0.267 
-0.199 
-0.177 
-0.323 
-0.059 
-0.141 
-0.072 
 0.169 
 0.083 
 0.146 
-0.062 
 0.205 
 0.310 
-0.003 
 0.306 
 0.135 
 0.393 
 0.328 
 0.247 
 0.176 
 0.069 
 0.191 
-0.143 
-0.291 
-0.158 
-0.120 
-0.458 
-0.455 
-0.417 
-0.148 
 0.015 
 0.038 
-0.004 
 0.031 
 0.004 
-0.014 
-0.013 
 0.036 
-0.075 
-0.141 
-0.087 
-0.178 
-0.142 
 0.362 
 0.218 
-0.037 
 0.093 
 0.099 
 0.061 
 0.002 
 0.227 
 0.246 
 0.139 
 0.332 
 0.065 
-0.020 
 0.064 
 0.164 
 0.059 
-0.246 
-0.046 
 0.002 
-0.131 
-0.512 
-0.193 
-0.261 
-0.490 
-0.061 
 0.014 
-0.103 
 0.042 
 0.020 
 0.096 
 0.121 
 0.146 
 0.377 
 0.200 
 0.183 
 0.184 
 0.228 
 0.283 
 0.313 
 0.213 
 0.085 
 0.325 
 0.051 
 0.210 
-0.100 
-0.149 
-0.342 
-0.640 
-0.209 
-0.371 
-0.409 
-0.280 
-0.231 
-0.204 
-0.217 
-0.049 
-0.352 
-0.141 
 0.198 
 0.063 
 0.148 
 0.359 
 0.508 
 0.419 
 0.252 
 0.129 
 0.204 
 0.119 
 0.258 
 0.069 
 0.088 
 0.196 
-0.014 
 0.133 
 0.232 
 0.137 
-0.148 
-0.168 
-0.432 
-0.601 
-0.422 
-0.109 
-0.068 
-0.118 
-0.450 
-0.423 
-0.451 
-0.519 
-0.282 
 0.074 
 0.126 
 0.015 
 0.386 
 0.520 
 0.092 
 0.196 
 0.268 
 0.221 
 0.406 
 0.531 
 0.316 
 0.235 
 0.539 
 0.114 
-0.004 
 0.042 
 0.404 
 0.195 
 0.029 
-0.162 
-0.363 
-0.549 
-0.517 
-0.428 
-0.463 
-0.492 
-0.741 
-0.427 
-0.189 
-0.205 
 0.040 
-0.030 
-0.110 
 0.238 
-0.081 
-0.009 
 0.135 
 0.359 
-0.045 
 0.103 
 0.142 
-0.086 
-0.083 
 0.044 
-0.077 
-0.035 
-0.123 
-0.074 
-0.124 
-0.071 
 0.035 
-0.119 
-0.191 
 0.002 
 0.333 
 0.120 
 0.221 
 0.392 
 0.272 
 0.064 
-0.191 
-0.382 
-0.036 
 0.247 
 0.089 
-0.155 
 0.044 
-0.027 
-0.124 
-0.283 
-0.117 
 0.107 
 0.017 
 0.136 
 0.071 
-0.184 
 0.024 
 0.032 
 0.000 
-0.146 
 0.026 
 0.015 
-0.238 
-0.131 
 0.039 
 0.033 
 0.059 
 0.140 
-0.087 
 0.268 
 0.104 
-0.157 
-0.214 
-0.124 
 0.131 
 0.000 
 0.162 
 0.267 
 0.236 
 0.062 
 0.092 
-0.109 
-0.149 
-0.243 
 0.067 
-0.049 
-0.368 
 0.000 
-0.176 
-0.103 
-0.313 
 0.066 
-0.084 
 0.234 
 0.354 
 0.289 
 0.209 
 0.197 
 0.231 
 0.248 
-0.179 
 0.093 
 0.022 
-0.122 
-0.055 
-0.167 
-0.302 
-0.033 
 0.244 
-0.442 
-0.198 
-0.131 
 0.292 
 0.112 
-0.187 
 0.110 
 0.268 
-0.244 
 0.190 
 0.195 
-0.149 
 0.276 
-0.091 
-0.024 
 0.011 
 0.041 
-0.278 
-0.043 
-0.189 
-0.068 
-0.237 
-0.242 
-0.090 
 0.079 
 0.022 
 0.320 
 0.029 
 0.007 
 0.075 
-0.250 
 0.288 
 0.021 
 0.055 
-0.389 
-0.029 
 0.051 
 0.207 
-0.098 
 0.110 
-0.405 
-0.427 
-0.065 
 0.294 
-0.184 
-0.169 
 0.138 
-0.046 
-0.019 
 0.161 
 0.195 
 0.398 
-0.050 
 0.169 
 0.256 
-0.131 
 0.112 
 0.244 
-0.244 
-0.085 
-0.059 
 0.351 
 0.146 
-0.387 
-0.126 
-0.418 
-0.081 
-0.066 
-0.066 
 0.211 
 0.133 
-0.240 
 0.077 
 0.038 
-0.077 
 0.237 
 0.268 
-0.018 
-0.290 
 0.012 
-0.031 
-0.071 
-0.210 
-0.053 
-0.074 
-0.312 
 0.005 
 0.232 
 0.277 
-0.023 
 0.053 
-0.077 
-0.218 
-0.231 
 0.264 
-0.101 
 0.318 
-0.023 
 0.142 
 0.241 
 0.507 
-0.280 
-0.234 
 0.097 
 0.070 
-0.015 
 0.109 
-0.139 
-0.361 
-0.186 
-0.142 
-0.060 
 0.071 
 0.033 
-0.133 
-0.193 
-0.156 
 0.035 
 0.098 
 0.117 
 0.222 
 0.165 
-0.208 
 0.368 
 0.084 
-0.026 
 0.164 
 0.213 
-0.067 
 0.021 
 0.023 
-0.230 
-0.026 
-0.048 
 0.063 
-0.265 
 0.020 
 0.074 
-0.082 
 0.079 
-0.188 
-0.122 
-0.303 
 0.017 
 0.016 
-0.099 
 0.146 
 0.202 
-0.088 
 0.094 
-0.070 
 0.008 
 0.255 
 0.014 
 0.312 
-0.040 
-0.072 
 0.401 
-0.065 
-0.092 
 0.477 
 0.237 
 0.004 
 0.156 
 0.028 
-0.031 
-0.166 
 0.005 
-0.283 
 0.225 
 0.029 
 0.033 
 0.016 
-0.077 
 0.024 
-0.112 
-0.167 
 0.067 
-0.040 
 0.031 
 0.121 
 0.320 
 0.044 
-0.189 
-0.009 
-0.220 
-0.136 
 0.184 
-0.114 
 0.225 
-0.058 
-0.031 
-0.083 
-0.132 
 0.042 
 0.059 
 0.166 
 0.125 
-0.072 
-0.013 
 0.331 
-0.093 
 0.069 
 0.378 
-0.214 
-0.253 
-0.255 
-0.017 
-0.191 
 0.038 
 0.104 
-0.131 
-0.157 
 0.046 
 0.172 
-0.082 
 0.299 
-0.015 
 0.056 
 0.176 
-0.151 
-0.074 
 0.066 
 0.321 
 0.231 
 0.033 
 0.071 
-0.216 
-0.231 
-0.225 
-0.256 
 0.052 
 0.177 
 0.082 
-0.083 
-0.342 
-0.166 
 0.199 
 0.169 
 0.004 
 0.225 
-0.007 
-0.210 
 0.077 
-0.131 
-0.007 
 0.001 
 0.374 
 0.386 
-0.117 
 0.078 
-0.099 
-0.405 
-0.006 
 0.027 
 0.197 
 0.089 
 0.304 
-0.244 
-0.327 
-0.154 
 0.001 
-0.402 
-0.156 
 0.215 
 0.139 
-0.018 
-0.106 
 0.190 
-0.109 
-0.026 
 0.105 
-0.066 
 0.085 
 0.162 
-0.119 
-0.188 
-0.088 
 0.064 
-0.067 
-0.206 
 0.124 
 0.248 
 0.080 
 0.220 
 0.064 
 0.017 
 0.415 
 0.088 
-0.237 
 0.053 
 0.066 
 0.024 
 0.320 
 0.003 
-0.007 
 0.112 
-0.103 
 0.269 
 0.178 
 0.081 
-0.148 
-0.017 
-0.019 
 0.120 
-0.012 
 0.077 
 0.009 
 0.058 
 0.046 
-0.092 
 0.441 
 0.287 
-0.466 
-0.001 
-0.184 
-0.091 
-0.013 
-0.471 
 0.084 
-0.255 
 0.037 
-0.258 
-0.107 
 0.278 
-0.253 
 0.000 
 0.137 
 0.093 
-0.116 
 0.035 
 0.274 
 0.119 
-0.058 
-0.161 
-0.174 
 0.086 
-0.111 
-0.004 
 0.078 
-0.044 
 0.056 
 0.376 
 0.206 
 0.204 
 0.152 
 0.030 
 0.395 
-0.093 
 0.169 
-0.178 
-0.132 
-0.081 
-0.076 
-0.290 
 0.183 
-0.017 
 0.112 
 0.104 
-0.444 
-0.222 
 0.033 
 0.155 
-0.321 
-0.141 
-0.485 
-0.065 
 0.144 
 0.176 
 0.189 
-0.046 
 0.545 
-0.079 
 0.116 
 0.203 
-0.013 
 0.246 
-0.247 
 0.069 
 0.249 
 0.234 
 0.083 
-0.239 
-0.278 
 0.040 
-0.146 
-0.139 
 0.044 
-0.061 
 0.294 
-0.019 
-0.044 
 0.051 
-0.479 
-0.429 
 0.178 
-0.043 
-0.082 
 0.072 
 0.123 
-0.187 
 0.405 
-0.158 
-0.086 
 0.100 
 0.053 
 0.091 
 0.051 
 0.098 
 0.245 
-0.041 
-0.087 
 0.351 
 0.301 
 0.098 
-0.089 
-0.177 
 0.114 
 0.214 
-0.168 
 0.005 
-0.163 
 0.030 
-0.107 
 0.040 
 0.138 
 0.026 
-0.303 
-0.303 
 0.093 
 0.165 
-0.089 
-0.210 
-0.077 
 0.233 
-0.047 
 0.497 
-0.287 
-0.007 
 0.075 
-0.000 
 0.054 
 0.047 
-0.121 
 0.061 
 0.142 
 0.340 
-0.266 
 0.040 
 0.040 
 0.016 
-0.075 
-0.303 
-0.294 
-0.294 
-0.159 
 0.091 
 0.464 
 0.163 
-0.135 
 0.256 
-0.091 
-0.242 
-0.040 
-0.121 
 0.030 
 0.245 
 0.077 
 0.065 
 0.147 
-0.163 
 0.093 
 0.056 
-0.242 
 0.100 
-0.058 
-0.051 
 0.212 
 0.035 
 0.527 
 0.042 
-0.198 
 0.030 
 0.224 
 0.103 
-0.182 
-0.075 
-0.238 
-0.135 
-0.152 
 0.077 
-0.096 
-0.217 
-0.044 
 0.128 
 0.012 
 0.128 
 0.096 
-0.326 
-0.224 
 0.009 
 0.210 
 0.035 
 0.023 
 0.319 
 0.455 
-0.000 
-0.098 
 0.182 
-0.296 
-0.352 
-0.044 
 0.154 
-0.103 
 0.193 
-0.128 
-0.182 
-0.117 
 0.033 
-0.044 
-0.298 
-0.058 
-0.147 
-0.114 
 0.063 
-0.168 
-0.051 
 0.091 
 0.175 
 0.040 
-0.033 
-0.000 
 0.177 
-0.026 
 0.096 
 0.054 
 0.121 
 0.345 
 0.065 
 0.163 
 0.324 
 0.200 
-0.177 
-0.115 
-0.032 
-0.045 
-0.254 
-0.088 
-0.125 
 0.280 
 0.275 
 0.355 
 0.319 
 0.390 
 0.259 
 0.226 
 0.023 
 0.059 
-0.091 
-0.062 
 0.041 
-0.206 
-0.355 
-0.234 
-0.129 
-0.204 
-0.152 
 0.237 
 0.265 
 0.018 
-0.014 
-0.079 
-0.163 
-0.215 
-0.195 
-0.328 
-0.192 
-0.175 
-0.124 
 0.180 
 0.010 
 0.088 
-0.088 
 0.306 
 0.302 
 0.329 
 0.353 
 0.284 
 0.198 
-0.053 
 0.114 
 0.002 
 0.129 
 0.101 
-0.005 
-0.056 
-0.134 
-0.203 
-0.207 
-0.188 
-0.196 
-0.017 
-0.132 
-0.190 
-0.138 
-0.098 
-0.113 
-0.058 
-0.151 
 0.025 
-0.201 
 0.179 
 0.003 
-0.061 
 0.205 
 0.214 
 0.158 
 0.122 
 0.449 
 0.324 
 0.218 
 0.243 
 0.263 
 0.171 
-0.018 
 0.070 
-0.251 
-0.137 
-0.175 
-0.239 
-0.078 
-0.001 
-0.299 
-0.168 
-0.220 
 0.010 
-0.098 
-0.143 
-0.221 
-0.158 
-0.263 
 0.002 
-0.019 
 0.099 
 0.094 
 0.233 
 0.349 
 0.216 
 0.400 
 0.240 
 0.205 
 0.166 
-0.163 
-0.141 
 0.027 
-0.030 
 0.031 
-0.080 
-0.015 
 0.105 
-0.087 
-0.153 
-0.068 
-0.216 
-0.021 
-0.252 
-0.046 
-0.176 
-0.077 
-0.090 
-0.034 
-0.163 
-0.263 
-0.131 
-0.001 
-0.012 
 0.032 
-0.175 
 0.058 
 0.079 
-0.146 
 0.048 
-0.134 
-0.065 
-0.042 
-0.168 
-0.216 
 0.045 
-0.211 
-0.154 
-0.162 
-0.140 
 0.080 
 0.070 
-0.053 
-0.073 
-0.000 
 0.277 
-0.001 
-0.041 
-0.098 
-0.223 
-0.125 
-0.097 
 0.140 
-0.043 
 0.205 
 0.238 
 0.124 
 0.332 
 0.490 
 0.239 
-0.257 
 0.235 
 0.113 
 0.053 
 0.058 
 0.154 
-0.002 
-0.105 
-0.021 
-0.008 
-0.039 
-0.283 
-0.108 
-0.081 
-0.186 
-0.160 
 0.018 
-0.218 
-0.029 
-0.078 
 0.077 
-0.091 
-0.032 
 0.112 
-0.156 
-0.092 
-0.152 
-0.163 
 0.039 
 0.327 
 0.225 
 0.335 
 0.299 
 0.258 
 0.341 
 0.169 
 0.033 
 0.072 
 0.142 
 0.056 
 0.104 
-0.069 
 0.033 
-0.165 
-0.244 
-0.181 
-0.267 
 0.018 
-0.462 
-0.186 
-0.397 
-0.135 
-0.170 
-0.086 
-0.093 
-0.067 
-0.010 
-0.002 
 0.154 
 0.089 
 0.134 
 0.346 
 0.548 
 0.431 
 0.263 
 0.425 
 0.353 
 0.115 
 0.086 
 0.023 
-0.382 
-0.241 
-0.041 
 0.157 
-0.122 
-0.246 
-0.332 
-0.548 
-0.215 
-0.087 
-0.128 
-0.226 
-0.197 
-0.071 
-0.260 
-0.044 
-0.031 
-0.011 
-0.311 
-0.180 
-0.260 
-0.263 
-0.063 
-0.030 
 0.021 
 0.059 
 0.351 
 0.122 
 0.150 
 0.217 
 0.014 
 0.036 
 0.073 
 0.080 
 0.100 
 0.079 
-0.067 
-0.199 
-0.125 
-0.004 
-0.223 
 0.030 
-0.043 
-0.110 
-0.060 
-0.135 
-0.154 
-0.085 
-0.110 
 0.023 
 0.129 
 0.122 
 0.187 
-0.025 
 0.020 
 0.332 
 0.143 
 0.239 
 0.017 
 0.194 
 0.406 
 0.033 
 0.060 
-0.232 
-0.227 
-0.086 
-0.196 
-0.107 
-0.133 
-0.145 
-0.039 
-0.139 
 0.002 
-0.004 
-0.064 
 0.095 
 0.129 
 0.006 
-0.020 
 0.198 
 0.016 
 0.027 
 0.007 
 0.124 
-0.054 
-0.288 
-0.345 
 0.021 
-0.099 
 0.273 
 0.386 
 0.029 
 0.038 
 0.166 
 0.118 
 0.007 
 0.122 
 0.049 
-0.101 
-0.025 
 0.024 
 0.029 
-0.143 
-0.058 
-0.151 
-0.124 
-0.018 
-0.090 
-0.168 
-0.176 
 0.111 
-0.081 
-0.202 
-0.242 
 0.055 
-0.037 
 0.048 
 0.042 
-0.012 
 0.048 
 0.462 
 0.246 
 0.177 
 0.343 
 0.084 
-0.023 
-0.071 
 0.396 
 0.072 
 0.036 
-0.081 
-0.035 
-0.233 
-0.195 
-0.244 
-0.016 
-0.150 
 0.049 
-0.186 
-0.217 
-0.169 
-0.009 
-0.037 
-0.180 
-0.043 
-0.124 
-0.241 
-0.331 
-0.269 
-0.264 
-0.232 
-0.050 
 0.073 
-0.093 
-0.159 
-0.302 
-0.010 
 0.103 
 0.100 
 0.052 
 0.205 
 0.275 
 0.326 
 0.202 
-0.027 
 0.285 
 0.196 
 0.037 
 0.030 
 0.001 
 0.145 
-0.198 
-0.098 
-0.200 
-0.161 
-0.124 
-0.107 
 0.038 
 0.138 
-0.188 
-0.238 
 0.064 
 0.013 
 0.238 
-0.008 
 0.101 
 0.072 
 0.352 
 0.129 
 0.019 
-0.222 
-0.054 
-0.200 
-0.354 
-0.354 
-0.142 
-0.293 
 0.106 
 0.101 
-0.004 
 0.031 
 0.293 
 0.366 
-0.013 
 0.102 
 0.230 
 0.213 
 0.047 
-0.036 
 0.025 
-0.146 
-0.144 
 0.012 
-0.083 
-0.135 
-0.078 
-0.059 
 0.128 
-0.158 
 0.150 
-0.223 
 0.080 
-0.161 
-0.079 
 0.083 
-0.078 
-0.013 
 0.191 
 0.025 
 0.282 
-0.073 
 0.067 
 0.145 
 0.014 
 0.024 
-0.075 
-0.094 
-0.040 
 0.086 
-0.031 
 0.165 
 0.151 
-0.010 
-0.242 
-0.045 
-0.124 
 0.028 
 0.053 
 0.077 
 0.262 
 0.199 
 0.132 
-0.004 
-0.090 
-0.205 
-0.214 
-0.115 
 0.086 
 0.119 
-0.136 
 0.180 
-0.147 
 0.063 
 0.058 
-0.131 
 0.086 
-0.127 
-0.097 
 0.079 
-0.066 
-0.067 
-0.153 
 0.009 
 0.005 
-0.200 
-0.322 
-0.077 
-0.195 
 0.004 
 0.451 
 0.468 
 0.411 
 0.280 
 0.313 
 0.189 
 0.095 
 0.225 
 0.200 
 0.215 
 0.227 
 0.297 
 0.168 
-0.065 
-0.097 
-0.240 
-0.192 
-0.295 
-0.241 
-0.191 
-0.245 
-0.113 
-0.254 
-0.317 
-0.496 
-0.458 
-0.233 
-0.219 
 0.148 
 0.097 
 0.144 
 0.094 
 0.205 
 0.277 
 0.525 
 0.485 
 0.221 
 0.547 
 0.133 
 0.313 
 0.164 
 0.096 
 0.238 
-0.116 
-0.276 
-0.126 
-0.184 
-0.338 
-0.231 
-0.242 
-0.162 
-0.198 
-0.228 
-0.105 
-0.358 
-0.069 
-0.029 
-0.013 
-0.049 
-0.002 
 0.127 
 0.151 
 0.242 
 0.180 
 0.180 
 0.231 
 0.283 
 0.220 
 0.439 
 0.175 
 0.100 
-0.074 
 0.113 
-0.131 
 0.073 
 0.210 
 0.056 
 0.009 
-0.188 
-0.334 
 0.134 
-0.269 
-0.147 
-0.161 
-0.265 
-0.244 
-0.093 
-0.273 
-0.305 
-0.354 
-0.151 
-0.275 
-0.050 
-0.014 
 0.172 
 0.034 
 0.288 
 0.323 
 0.398 
 0.251 
 0.211 
 0.427 
 0.417 
 0.214 
 0.253 
-0.105 
 0.095 
-0.041 
 0.018 
 0.177 
-0.000 
 0.028 
-0.360 
-0.344 
-0.292 
-0.333 
-0.257 
-0.455 
-0.011 
-0.162 
-0.543 
-0.307 
-0.224 
-0.271 
-0.100 
-0.146 
-0.098 
-0.217 
 0.313 
 0.208 
 0.506 
 0.373 
 0.401 
 0.339 
 0.363 
 0.182 
 0.382 
 0.159 
 0.358 
 0.165 
-0.087 
 0.073 
-0.369 
-0.244 
-0.166 
-0.322 
-0.254 
-0.032 
-0.069 
 0.007 
-0.200 
-0.374 
-0.251 
-0.375 
-0.149 
-0.013 
-0.037 
 0.052 
 0.085 
 0.065 
 0.016 
 0.125 
 0.121 
 0.176 
 0.370 
 0.380 
 0.255 
 0.222 
 0.086 
 0.187 
-0.081 
-0.093 
 0.141 
-0.249 
 0.128 
-0.295 
 0.097 
-0.018 
-0.054 
-0.352 
-0.331 
-0.013 
-0.273 
-0.095 
-0.215 
 0.087 
 0.041 
-0.079 
 0.074 
 0.038 
-0.030 
 0.010 
-0.030 
 0.156 
 0.124 
-0.038 
 0.460 
 0.112 
 0.239 
 0.106 
 0.082 
 0.121 
 0.267 
 0.199 
-0.090 
-0.035 
 0.140 
 0.005 
-0.068 
-0.094 
-0.064 
-0.223 
-0.113 
-0.137 
-0.054 
-0.160 
-0.512 
-0.455 
-0.104 
-0.131 
-0.104 
-0.024 
 0.081 
 0.081 
 0.027 
 0.210 
 0.117 
 0.514 
 0.505 
 0.396 
 0.179 
-0.158 
 0.093 
 0.048 
-0.056 
-0.022 
 0.108 
-0.045 
-0.110 
-0.006 
 0.014 
-0.209 
-0.149 
-0.385 
-0.075 
-0.230 
-0.201 
-0.138 
-0.102 
 0.100 
-0.044 
-0.348 
-0.272 
-0.386 
-0.410 
 0.214 
 0.244 
 0.382 
 0.623 
 0.462 
 0.391 
 0.379 
 0.284 
 0.277 
 0.007 
 0.113 
 0.009 
 0.154 
-0.120 
-0.013 
-0.183 
-0.149 
-0.297 
-0.316 
-0.339 
-0.151 
-0.104 
 0.088 
-0.167 
-0.268 
-0.123 
-0.432 
-0.052 
-0.261 
-0.401 
-0.093 
 0.071 
 0.171 
 0.266 
 0.231 
 0.376 
 0.330 
 0.405 
 0.249 
 0.131 
 0.135 
 0.190 
 0.143 
 0.052 
-0.032 
-0.075 
 0.123 
 0.135 
 0.068 
-0.013 
-0.254 
-0.265 
-0.301 
-0.164 
-0.110 
-0.158 
-0.085 
-0.229 
-0.197 
-0.065 
 0.050 
 0.043 
 0.103 
 0.133 
 0.056 
 0.011 
 0.263 
 0.303 
 0.144 
 0.353 
 0.022 
-0.123 
 0.236 
 0.127 
 0.045 
 0.043 
 0.145 
 0.213 
-0.169 
-0.050 
-0.039 
-0.145 
-0.228 
-0.054 
-0.266 
-0.217 
-0.189 
-0.115 
-0.303 
-0.134 
-0.076 
-0.360 
-0.371 
-0.378 
-0.236 
 0.145 
 0.222 
 0.345 
 0.445 
 0.452 
 0.454 
 0.408 
 0.228 
 0.454 
 0.040 
-0.008 
-0.105 
 0.015 
-0.133 
 0.262 
-0.035 
 0.116 
 0.069 
-0.194 
-0.135 
-0.149 
-0.323 
-0.342 
-0.336 
-0.316 
-0.210 
-0.358 
-0.133 
-0.022 
-0.104 
-0.116 
-0.118 
 0.007 
 0.035 
 0.273 
 0.410 
 0.325 
 0.039 
 0.031 
 0.339 
-0.014 
 0.004 
 0.196 
 0.256 
 0.086 
-0.015 
-0.238 
-0.024 
-0.140 
-0.271 
-0.216 
-0.357 
-0.175 
-0.007 
-0.014 
 0.023 
-0.140 
-0.275 
-0.400 
-0.045 
-0.320 
-0.241 
-0.159 
 0.186 
 0.062 
 0.149 
 0.275 
 0.306 
 0.320 
 0.335 
 0.150 
 0.132 
 0.116 
 0.228 
 0.134 
 0.276 
 0.228 
 0.210 
 0.020 
-0.017 
 0.050 
-0.104 
-0.116 
-0.163 
-0.228 
-0.221 
-0.322 
-0.216 
-0.345 
 0.025 
 0.007 
-0.241 
-0.226 
-0.269 
 0.018 
-0.060 
 0.204 
 0.028 
-0.031 
 0.294 
 0.362 
 0.160 
 0.174 
 0.224 
 0.110 
-0.024 
 0.056 
-0.080 
 0.216 
 0.215 
-0.058 
-0.125 
 0.033 
-0.028 
-0.046 
-0.271 
-0.140 
 0.006 
-0.122 
-0.014 
 0.003 
-0.067 
 0.048 
-0.123 
-0.258 
-0.158 
 0.037 
 0.085 
-0.012 
-0.004 
 0.097 
 0.108 
 0.215 
 0.292 
 0.334 
 0.068 
 0.023 
 0.046 
 0.046 
 0.073 
 0.120 
 0.025 
-0.089 
-0.207 
-0.014 
-0.089 
-0.113 
-0.133 
-0.157 
-0.224 
-0.122 
-0.172 
-0.194 
-0.190 
-0.088 
-0.226 
-0.242 
-0.371 
-0.214 
 0.073 
-0.148 
 0.125 
 0.354 
 0.441 
 0.319 
 0.237 
 0.097 
 0.198 
 0.348 
 0.258 
 0.020 
 0.300 
 0.231 
 0.135 
-0.057 
 0.081 
-0.165 
-0.069 
-0.238 
-0.263 
-0.021 
-0.344 
-0.076 
-0.172 
-0.333 
-0.516 
-0.363 
-0.312 
-0.451 
-0.192 
-0.125 
 0.042 
 0.024 
 0.286 
 0.252 
 0.313 
 0.370 
 0.350 
 0.354 
 0.273 
 0.184 
 0.054 
 0.216 
 0.241 
 0.042 
 0.115 
 0.060 
-0.034 
 0.118 
-0.109 
-0.112 
-0.051 
 0.086 
 0.017 
-0.039 
-0.201 
-0.255 
-0.316 
-0.297 
-0.086 
-0.293 
-0.162 
 0.013 
-0.171 
-0.055 
-0.036 
-0.048 
-0.033 
 0.247 
 0.239 
 0.173 
 0.063 
 0.270 
 0.287 
 0.269 
 0.197 
 0.162 
 0.275 
-0.037 
 0.099 
-0.199 
 0.241 
-0.126 
-0.297 
-0.125 
-0.203 
-0.060 
-0.032 
-0.047 
-0.081 
-0.013 
-0.155 
-0.291 
-0.340 
-0.163 
-0.025 
-0.128 
-0.164 
 0.098 
 0.188 
 0.029 
 0.208 
 0.367 
 0.245 
 0.242 
 0.017 
 0.226 
 0.183 
 0.210 
 0.231 
 0.306 
 0.283 
 0.053 
-0.088 
-0.191 
-0.231 
-0.268 
-0.142 
-0.610 
-0.306 
-0.242 
-0.217 
-0.123 
-0.171 
-0.083 
 0.003 
-0.431 
-0.113 
-0.206 
 0.122 
-0.315 
-0.077 
-0.257 
 0.271 
-0.016 
-0.130 
-0.118 
 0.082 
 0.299 
 0.098 
-0.150 
-0.125 
-0.131 
 0.281 
 0.120 
-0.028 
 0.082 
-0.011 
 0.010 
 0.171 
 0.279 
-0.054 
 0.100 
-0.063 
-0.260 
 0.068 
 0.039 
-0.125 
 0.134 
 0.011 
 0.143 
 0.005 
-0.065 
 0.063 
-0.157 
-0.108 
-0.392 
-0.069 
 0.006 
-0.100 
 0.240 
 0.038 
 0.109 
-0.004 
 0.013 
 0.059 
-0.129 
-0.220 
 0.014 
 0.166 
-0.061 
 0.292 
 0.011 
-0.060 
-0.021 
-0.052 
 0.300 
 0.173 
-0.121 
-0.044 
 0.161 
-0.006 
 0.267 
 0.095 
 0.313 
 0.080 
-0.153 
-0.404 
-0.180 
-0.407 
-0.254 
-0.132 
 0.075 
-0.002 
-0.104 
-0.079 
-0.273 
 0.029 
 0.165 
-0.157 
 0.116 
 0.211 
 0.239 
 0.330 
 0.371 
 0.015 
-0.011 
 0.222 
 0.007 
-0.051 
 0.075 
-0.228 
 0.158 
-0.236 
 0.061 
-0.018 
-0.260 
-0.336 
-0.253 
-0.297 
-0.065 
 0.006 
-0.025 
-0.131 
-0.207 
 0.079 
-0.049 
 0.226 
 0.005 
 0.234 
 0.446 
 0.213 
 0.180 
 0.040 
-0.014 
-0.120 
-0.080 
 0.186 
 0.102 
 0.072 
 0.035 
-0.009 
-0.056 
-0.067 
 0.360 
-0.018 
 0.336 
-0.089 
 0.028 
-0.251 
-0.225 
 0.014 
-0.052 
 0.016 
-0.070 
-0.187 
-0.162 
-0.419 
-0.136 
 0.071 
-0.147 
-0.091 
 0.105 
 0.137 
 0.350 
 0.228 
 0.168 
 0.182 
 0.153 
 0.004 
 0.309 
-0.021 
-0.173 
 0.110 
 0.051 
-0.007 
 0.152 
 0.264 
 0.074 
 0.116 
 0.153 
-0.139 
-0.258 
-0.305 
-0.402 
-0.190 
-0.145 
-0.254 
 0.061 
-0.062 
 0.148 
 0.054 
 0.084 
-0.168 
-0.135 
-0.017 
 0.058 
-0.412 
-0.269 
 0.150 
 0.402 
 0.226 
 0.349 
 0.189 
 0.175 
 0.080 
 0.188 
 0.048 
 0.320 
 0.110 
-0.055 
-0.052 
 0.203 
-0.043 
-0.164 
-0.249 
-0.203 
-0.220 
-0.169 
-0.112 
 0.078 
-0.051 
-0.187 
-0.198 
 0.005 
-0.087 
 0.021 
 0.218 
-0.017 
-0.073 
 0.082 
 0.225 
 0.165 
 0.039 
 0.016 
 0.055 
-0.027 
-0.137 
-0.108 
 0.013 
 0.325 
 0.099 
-0.186 
 0.027 
-0.206 
-0.195 
 0.171 
-0.282 
-0.104 
-0.105 
 0.003 
-0.116 
-0.219 
-0.060 
-0.034 
 0.090 
 0.037 
-0.015 
 0.081 
 0.290 
 0.356 
 0.416 
 0.237 
 0.026 
 0.253 
 0.047 
-0.222 
 0.109 
-0.129 
-0.107 
-0.201 
-0.149 
-0.212 
-0.264 
-0.234 
 0.039 
 0.052 
-0.290 
-0.073 
 0.081 
-0.173 
-0.129 
 0.122 
-0.052 
 0.066 
 0.040 
 0.346 
 0.055 
-0.002 
 0.055 
-0.145 
-0.132 
-0.144 
-0.235 
 0.108 
-0.052 
 0.008 
-0.188 
 0.056 
 0.038 
-0.071 
 0.087 
 0.143 
-0.159 
 0.267 
 0.130 
 0.033 
 0.214 
 0.111 
 0.066 
 0.158 
-0.046 
-0.104 
 0.081 
-0.060 
 0.133 
-0.099 
 0.104 
-0.005 
-0.006 
-0.212 
-0.240 
-0.228 
-0.325 
 0.047 
-0.033 
-0.035 
 0.086 
 0.092 
 0.102 
 0.106 
 0.025 
 0.204 
 0.241 
 0.118 
 0.257 
 0.107 
 0.090 
 0.033 
-0.029 
-0.097 
-0.103 
-0.257 
-0.157 
-0.101 
-0.082 
-0.034 
 0.099 
 0.225 
 0.178 
 0.157 
-0.049 
-0.322 
-0.173 
 0.043 
 0.132 
 0.055 
-0.078 
-0.045 
-0.369 
 0.016 
-0.071 
-0.129 
 0.177 
-0.182 
 0.124 
 0.231 
 0.282 
 0.009 
 0.152 
-0.151 
-0.054 
-0.145 
-0.223 
-0.244 
-0.008 
-0.165 
 0.108 
-0.023 
 0.117 
 0.123 
 0.107 
 0.171 
 0.270 
-0.199 
 0.071 
-0.223 
 0.042 
-0.059 
-0.058 
 0.171 
 0.048 
 0.162 
 0.162 
-0.017 
 0.012 
 0.026 
-0.185 
-0.144 
-0.142 
-0.080 
-0.264 
 0.021 
 0.142 
-0.041 
-0.091 
-0.266 
-0.229 
-0.158 
-0.189 
-0.164 
-0.090 
-0.170 
-0.035 
 0.106 
 0.008 
-0.012 
 0.040 
 0.077 
 0.042 
-0.025 
 0.179 
 0.060 
 0.197 
 0.207 
 0.227 
 0.207 
 0.168 
-0.106 
-0.008 
 0.028 
-0.086 
-0.221 
-0.205 
-0.080 
-0.004 
-0.064 
-0.071 
-0.361 
-0.227 
 0.122 
 0.092 
 0.077 
 0.160 
 0.053 
 0.226 
 0.103 
-0.040 
 0.074 
-0.240 
-0.201 
 0.056 
 0.120 
-0.140 
-0.045 
-0.152 
-0.028 
-0.006 
 0.322 
 0.547 
 0.437 
 0.265 
 0.154 
-0.202 
-0.197 
 0.080 
-0.102 
-0.241 
-0.282 
 0.028 
 0.133 
 0.101 
-0.016 
-0.244 
-0.261 
-0.262 
-0.273 
-0.237 
-0.064 
-0.234 
-0.057 
 0.069 
 0.158 
 0.197 
 0.341 
 0.227 
 0.051 
 0.210 
 0.124 
 0.046 
-0.170 
 0.340 
 0.366 
 0.119 
 0.133 
 0.040 
 0.035 
-0.082 
-0.226 
-0.162 
-0.206 
-0.168 
-0.211 
-0.030 
-0.118 
-0.333 
-0.237 
-0.320 
 0.149 
 0.139 
 0.036 
-0.136 
 0.033 
-0.047 
-0.073 
-0.161 
 0.029 
 0.139 
 0.297 
 0.286 
 0.401 
 0.334 
 0.251 
 0.209 
-0.053 
 0.128 
-0.010 
 0.236 
 0.105 
-0.093 
-0.062 
-0.063 
-0.237 
-0.413 
-0.315 
-0.160 
-0.165 
-0.038 
-0.047 
-0.166 
-0.098 
-0.059 
 0.099 
-0.053 
 0.313 
-0.132 
 0.182 
 0.135 
-0.034 
-0.216 
 0.024 
-0.013 
-0.044 
 0.454 
 0.240 
 0.005 
-0.038 
 0.093 
 0.076 
-0.133 
-0.090 
-0.028 
 0.019 
-0.055 
 0.098 
-0.101 
 0.082 
-0.352 
 0.012 
 0.138 
-0.058 
 0.145 
 0.147 
-0.070 
 0.067 
 0.024 
-0.056 
-0.171 
-0.177 
-0.098 
-0.114 
 0.053 
 0.037 
-0.083 
 0.146 
-0.289 
 0.347 
 0.223 
 0.037 
 0.106 
 0.120 
 0.155 
 0.301 
-0.125 
 0.133 
 0.005 
 0.041 
-0.155 
 0.119 
-0.181 
-0.306 
 0.113 
-0.396 
-0.103 
-0.061 
-0.047 
 0.097 
-0.317 
 0.036 
-0.254 
-0.084 
 0.177 
 0.262 
 0.439 
 0.109 
 0.150 
 0.162 
-0.116 
-0.004 
 0.330 
-0.084 
 0.147 
-0.046 
-0.130 
-0.031 
 0.138 
-0.174 
-0.038 
-0.427 
-0.014 
-0.028 
-0.105 
-0.041 
-0.277 
-0.164 
-0.118 
-0.025 
 0.105 
-0.239 
-0.050 
 0.307 
 0.193 
 0.066 
-0.191 
-0.015 
 0.098 
 0.135 
 0.320 
 0.377 
 0.307 
 0.131 
 0.112 
-0.173 
-0.105 
-0.223 
-0.182 
-0.377 
-0.124 
-0.152 
-0.221 
-0.112 
-0.104 
 0.106 
 0.015 
 0.198 
 0.371 
 0.009 
 0.038 
 0.035 
-0.040 
 0.002 
 0.003 
 0.292 
-0.075 
-0.230 
 0.202 
 0.018 
-0.070 
-0.095 
-0.451 
-0.115 
 0.223 
 0.257 
 0.444 
 0.168 
 0.103 
 0.078 
-0.106 
-0.061 
-0.075 
-0.085 
-0.083 
-0.021 
-0.133 
-0.515 
 0.023 
-0.243 
-0.004 
-0.154 
-0.049 
 0.076 
 0.262 
 0.304 
 0.008 
 0.119 
-0.056 
-0.277 
 0.231 
 0.108 
 0.186 
 0.069 
-0.063 
-0.091 
-0.114 
-0.087 
-0.050 
 0.145 
-0.167 
 0.127 
 0.109 
-0.018 
 0.293 
 0.055 
 0.045 
-0.034 
-0.361 
 0.067 
-0.063 
-0.011 
-0.236 
 0.166 
 0.152 
 0.116 
-0.116 
-0.227 
-0.126 
-0.175 
 0.079 
-0.313 
-0.056 
 0.112 
 0.317 
 0.273 
 0.164 
 0.019 
 0.057 
 0.005 
-0.141 
 0.081 
-0.021 
 0.025 
-0.106 
 0.049 
 0.168 
-0.015 
-0.124 
-0.275 
-0.125 
 0.115 
 0.071 
 0.147 
 0.174 
-0.073 
 0.091 
 0.050 
-0.192 
 0.033 
-0.046 
 0.014 
 0.172 
 0.012 
 0.085 
-0.172 
-0.254 
-0.035 
 0.132 
-0.255 
-0.007 
-0.041 
-0.262 
 0.193 
 0.005 
-0.232 
-0.163 
-0.243 
-0.115 
 0.005 
-0.024 
 0.333 
 0.353 
-0.018 
 0.028 
-0.166 
-0.149 
-0.144 
-0.092 
-0.132 
 0.225 
-0.215 
 0.123 
 0.167 
 0.126 
 0.313 
 0.112 
-0.206 
-0.193 
 0.080 
-0.110 
 0.002 
-0.177 
 0.005 
 0.138 
-0.036 
 0.454 
 0.082 
 0.333 
-0.036 
 0.249 
 0.007 
-0.348 
-0.213 
-0.316 
 0.150 
-0.244 
-0.121 
-0.076 
 0.010 
-0.051 
 0.026 
-0.022 
-0.118 
-0.094 
 0.171 
 0.103 
 0.060 
 0.158 
 0.063 
 0.042 
 0.188 
-0.274 
-0.003 
 0.189 
-0.225 
-0.098 
 0.089 
-0.009 
-0.083 
 0.230 
 0.179 
-0.022 
 0.218 
-0.096 
-0.215 
 0.395 
-0.133 
-0.002 
-0.033 
-0.021 
-0.100 
 0.070 
-0.049 
-0.044 
-0.174 
-0.166 
-0.121 
 0.315 
 0.034 
-0.205 
-0.005 
 0.066 
 0.086 
-0.322 
 0.228 
 0.090 
 0.147 
 0.076 
 0.295 
 0.079 
 0.093 
-0.120 
-0.168 
-0.033 
-0.121 
-0.213 
 0.108 
-0.048 
 0.127 
 0.091 
-0.235 
-0.168 
-0.399 
 0.045 
 0.054 
-0.120 
-0.262 
 0.179 
 0.389 
 0.000 
 0.247 
-0.054 
 0.174 
-0.027 
 0.015 
 0.022 
 0.061 
 0.144 
-0.024 
 0.009 
-0.109 
 0.055 
-0.054 
-0.078 
 0.097 
-0.331 
-0.002 
-0.031 
 0.133 
 0.182 
 0.027 
 0.159 
-0.199 
-0.175 
-0.021 
 0.020 
 0.128 
 0.082 
 0.070 
 0.007 
-0.147 
-0.369 
 0.067 
-0.034 
-0.059 
-0.138 
 0.069 
 0.346 
 0.215 
-0.015 
-0.162 
-0.175 
 0.408 
 0.292 
 0.150 
 0.080 
-0.192 
 0.025 
-0.008 
-0.061 
-0.112 
-0.078 
-0.124 
 0.156 
-0.107 
 0.032 
 0.087 
-0.078 
-0.061 
 0.227 
-0.053 
 0.300 
-0.176 
-0.062 
-0.160 
-0.170 
-0.085 
-0.262 
 0.011 
-0.041 
-0.149 
-0.027 
 0.217 
 0.295 
 0.038 
 0.187 
 0.094 
-0.029 
 0.261 
-0.041 
 0.167 
-0.018 
 0.018 
-0.129 
 0.055 
-0.026 
-0.259 
 0.097 
-0.146 
-0.301 
-0.090 
 0.011 
-0.171 
-0.011 
-0.021 
 0.077 
 0.044 
 0.133 
 0.277 
-0.160 
 0.120 
 0.105 
-0.042 
 0.433 
 0.322 
 0.026 
-0.192 
-0.224 
-0.018 
 0.090 
-0.113 
-0.113 
-0.154 
-0.140 
 0.037 
-0.073 
-0.415 
-0.006 
 0.034 
-0.280 
-0.105 
 0.128 
 0.185 
 0.056 
 0.167 
 0.103 
 0.163 
 0.383 
 0.158 
 0.048 
-0.146 
-0.117 
 0.054 
-0.189 
 0.215 
 0.364 
-0.033 
-0.179 
 0.051 
-0.015 
-0.019 
-0.154 
-0.170 
-0.060 
-0.011 
 0.252 
 0.059 
 0.130 
 0.060 
-0.129 
-0.114 
 0.044 
-0.100 
 0.112 
 0.210 
 0.105 
-0.163 
 0.274 
-0.271 
 0.116 
 0.003 
 0.008 
 0.036 
 0.077 
 0.129 
-0.099 
-0.202 
-0.277 
 0.039 
 0.001 
-0.050 
 0.171 
-0.077 
-0.153 
 0.159 
 0.034 
 0.150 
-0.110 
-0.181 
 0.042 
-0.100 
-0.110 
-0.287 
 0.229 
 0.223 
-0.017 
 0.184 
-0.076 
-0.110 
 0.358 
-0.266 
 0.067 
-0.042 
-0.153 
-0.048 
-0.023 
-0.121 
 0.241 
 0.183 
 0.052 
 0.152 
 0.118 
-0.057 
 0.124 
-0.149 
-0.147 
-0.161 
 0.410 
 0.080 
 0.253 
 0.106 
 0.075 
-0.256 
-0.126 
-0.250 
-0.220 
 0.081 
-0.173 
 0.134 
-0.120 
 0.012 
 0.047 
 0.030 
-0.040 
 0.026 
 0.153 
-0.232 
 0.146 
-0.239 
 0.216 
 0.213 
 0.245 
 0.025 
 0.330 
 0.086 
 0.048 
-0.251 
-0.110 
 0.077 
-0.006 
-0.271 
-0.081 
-0.072 
-0.004 
-0.157 
-0.228 
-0.022 
-0.255 
 0.220 
-0.148 
 0.072 
 0.091 
 0.097 
 0.050 
-0.004 
-0.002 
-0.201 
 0.152 
-0.059 
 0.245 
 0.189 
-0.140 
 0.284 
 0.029 
-0.055 
 0.008 
 0.002 
-0.040 
