 5.94 
 8.61 
 12.28 
 11.61 
 20.28 
 23.83 
 25.83 
 27.39 
 24.17 
 19.06 
 11.17 
 8.89 
 8.33 
 7.89 
 12.11 
 15.39 
 19.11 
 24.61 
 28.11 
 25.78 
 23.11 
 16.84 
 13.17 
 8.44 
 5.89 
 10.83 
 12.11 
 15.78 
 18.83 
 26.56 
 27.56 
 25 
 23.44 
 15.56 
 10.72 
 7.17 
 7.83 
 11.17 
 9.78 
 14.94 
 20.5 
 23.33 
 27.83 
 29.22 
 25.11 
 20.67 
 12.89 
 11.89 
 9.17 
 9.83 
 14.28 
 18.5 
 19 
 26.39 
 29.61 
 26.72 
 22.67 
 20.39 
 13.89 
 8.89 
 6.67 
 9.89 
 13.11 
 14.5 
 18.22 
 28 
 29.78 
 27.28 
 24.72 
 18.33 
 11.28 
 8 
 6.94 
 11 
 10.72 
 16.11 
 17.5 
 26.89 
 29.17 
 27.61 
 22.83 
 18.56 
 11.44 
 7.28 
 8.06 
 8.5 
 10.5 
 17.72 
 18.33 
 24.89 
 28.33 
 26.11 
 23.5 
 17.72 
 12.78 
 9.44 
 6.11 
 13.22 
 10.44 
 11.61 
 19.17 
 23.67 
 25.67 
 25.89 
 24.28 
 17.56 
 10.44 
 6.33 
 6.72 
 11 
 11.17 
 15.28 
 18.33 
 22.78 
 27.56 
 27.06 
 22.61 
 19.78 
 10.17 
 9.72 
 8 
 10.5 
 12.67 
 15.06 
 19.67 
 22.94 
 27.39 
 26.33 
 20.44 
 19.11 
 11.5 
 5.28 
 6.89 
 8.11 
 11.67 
 17.39 
 21.5 
 25 
 25.33 
 27.89 
 24.83 
 19.89 
 13.67 
 9.17 
 8.39 
 10.61 
 10.33 
 9.67 
 19.28 
 23.17 
 27.89 
 29 
 25.28 
 18.94 
 14.22 
 8.06 
 6.17 
 12.67 
 13.78 
 16.33 
 19.28 
 25.28 
 27.28 
 24.89 
 24.33 
 17.61 
 11.5 
 6.33 
 5.83 
 7.83 
 12 
 14.33 
 22.39 
 23.28 
 28.67 
 28.39 
 25.17 
 16.33 
 12.67 
 9.67 
 9.61 
 11.33 
 12.39 
 13.39 
 21.28 
 25 
 28.72 
 26.94 
 24.11 
 17.5 
 12.11 
 6.56 
 7.72 
 9.94 
 11 
 13.89 
 17.61 
 22.89 
 28.39 
 27.67 
 23.44 
 16.56 
 11.44 
 5.89 
 6.17 
 10.11 
 13.89 
 14.28 
 19.89 
 25.67 
 28.22 
 27.72 
 22.17 
 16.83 
 9.56 
 4.33 
 5.83 
 10.5 
 9.78 
 16.17 
 21.94 
 25.89 
 28.11 
 25.61 
 22.72 
 16.94 
 10.11 
 8.44 
 7.83 
 9.06 
 12.11 
 14.06 
 19.83 
 24.56 
 26.83 
 27.17 
 25.61 
 19.17 
 10.78 
 6.67 
 6.89 
 8.61 
 10.11 
 11.22 
 20.56 
 24.61 
 26.67 
 25.39 
 25.94 
 16.22 
 10.39 
 8.61 
 8.39 
 9.56 
 10.94 
 13.28 
 22.11 
 24.56 
 28.44 
 24.94 
 24.89 
 20.11 
 14.67 
 9.83 
 7.11 
 12.39 
 11.83 
 18.39 
 16.72 
 27.5 
 28.33 
 28 
 23 
 19 
 12.61 
 9.94 
 10.67 
 11.44 
 14.89 
 14.44 
 20.78 
 24.78 
 28.89 
 28.17 
 23.17 
 22 
 11.78 
 7.22 
 8.5 
 9.89 
 13.89 
 15 
 21.83 
 25.61 
 28.22 
 25.83 
 26.39 
 18.94 
 11.67 
 9.78 
 9.94 
 12.11 
 11.89 
 15.61 
 19.17 
 21.61 
 27.5 
 26.22 
 24.11 
 19.61 
 12.78 
 10.17 
 9.5 
 11.83 
 12.61 
 17.28 
 21.22 
 27.56 
 28.28 
 27.67 
 24.94 
 16.61 
 13 
 9.67 
 6.44 
 10 
 10.17 
 13.06 
 21.33 
 22.89 
 25.72 
 25.78 
 22.5 
 17.44 
 10.06 
 8.5 
 8.61 
 11.33 
 12.39 
 13 
 20.22 
 23.72 
 25.22 
 26.33 
 23.94 
 18.78 
 10.72 
 8.22 
 9 
 9 
 13.72 
 13.89 
 21.72 
 24.72 
 29.61 
 26.33 
 25.5 
 15.61 
 9.72 
 7.06 
 7.56 
 11.83 
 11.17 
 18.06 
 20.22 
 27.67 
 28.61 
 25.22 
 20.83 
 17.72 
 9.06 
 6.67 
 10.17 
 12.22 
 14.56 
 15.11 
 19.89 
 25.22 
 26.78 
 23.33333 
 19.89 
 17.67 
 12.67 
 7.5 
 6.28 
 9.61 
 10.89 
 17.39 
 22.28 
 26.28 
 25.61 
 27.33 
 23.39 
 20.11 
 11.22 
 7.17 
 7.5 
 12.17 
 13.61 
 15.39 
 17.5 
 23.89 
 30.39 
 27.72 
 24.72 
 20.61 
 10.39 
 7.44 
 6.94 
 7.72 
 11.11 
 17.22 
 19.17 
 24.5 
 26.78 
 25.28 
 21.83 
 16.11 
 12 
 8 
 7.22 
 7.72 
 12.89 
 18.11 
 18.56 
 23.89 
 28.72 
 26.44 
 23.83 
 18.56 
 10.89 
 4.61 
 7.67 
 12.06 
 9.28 
 13.56 
 17.56 
 22.94 
 29.44 
 25.44 
 26.17 
 20.5 
 12.44 
 7.83 
 6.94 
 11.78 
 12.94 
 16.39 
 23.94 
 24.5 
 26.72 
 27.56 
 23.61 
 18.83 
 1.436366 
-.28466 
 .856728 
 2.696482 
 5.699536 
 8.275339 
 7.42995 
 6.203242 
 6.103685 
 6.284244 
 3.995237 
 5.67735 
 5.402067 
-.08874 
 1.804709 
 5.869783 
 9.592647 
 8.558289 
 11.32192 
 9.061554 
 7.735127 
 6.151525 
 2.340449 
-.8939 
-1.72594 
 5.639324 
 5.683801 
 5.954558 
 9.876086 
 8.172604 
 7.936391 
 7.509408 
 10.32956 
 9.2351 
 2.867145 
 4.087894 
 4.379874 
 7.94146 
 3.468644 
 5.593265 
 10.74034 
 12.02226 
 14.01638 
 12.51094 
 7.494093 
 6.324721 
 3.486819 
 4.322578 
 4.441114 
 3.021941 
 2.207052 
 4.927138 
 3.996058 
 6.2962 
 7.940829 
 9.455014 
 7.633043 
 5.610066 
-1.39449 
-1.29705 
 2.323154 
 2.616806 
 6.235657 
 5.248041 
 6.656622 
 9.540724 
 10.83837 
 7.054591 
 6.232992 
 5.464763 
 5.328992 
 3.318654 
 4.261912 
 4.684146 
 4.475055 
 4.654956 
 6.826623 
 11.47652 
 9.44449 
 10.98938 
 6.47757 
 4.349884 
 1.94843 
 2.768839 
 .12743 
 4.283201 
 3.933185 
 5.888386 
 6.444036 
 7.961192 
 8.729782 
 9.982804 
 9.037517 
 10.11202 
 5.920365 
 5.147398 
-.55421 
 8.744107 
 3.023109 
 5.374594 
 10.90506 
 8.028328 
 8.64165 
 8.726967 
 9.731309 
 10.07698 
 6.590933 
 3.535595 
 2.79874 
-1.23817 
 1.352805 
 1.154177 
 4.865174 
 9.02933 
 9.959896 
 9.635474 
 8.24433 
 6.936206 
 5.05114 
 5.27022 
 4.541877 
 2.537708 
 5.700398 
 8.871311 
 4.586866 
 9.473913 
 10.25695 
 13.95685 
 7.367886 
 6.166098 
 7.802846 
 1.582121 
 1.956049 
 2.519662 
 4.925914 
 5.973902 
 7.252424 
 5.61912 
 8.457977 
 10.36244 
 9.259381 
 4.293294 
 6.587145 
 4.142318 
 3.83927 
 4.204826 
 3.775232 
 4.822726 
 8.753219 
 12.4025 
 11.96077 
 11.8851 
 10.62299 
 6.183925 
 7.286462 
 1.116548 
 2.260886 
 9.540457 
 6.981224 
 2.89676 
 7.382112 
 9.145647 
 11.31918 
 12.39688 
 9.592433 
 7.857689 
 6.381056 
 2.143044 
 2.744238 
 4.737852 
 3.942587 
 6.064156 
 7.860198 
 11.97142 
 10.58545 
 6.333581 
 9.45417 
 5.237696 
 5.053771 
 4.772807 
 5.065531 
 5.328007 
 2.686155 
-.26415 
 5.315978 
 10.56258 
 9.562232 
 7.786046 
 3.426418 
 4.6293 
 7.171765 
 2.91226 
 2.251195 
 2.784847 
 2.698109 
 4.071519 
 7.577319 
 10.08344 
 11.98912 
 12.16608 
 6.04308 
 4.026036 
 3.604915 
 2.037839 
 1.45774 
 5.498084 
 7.200756 
 3.867132 
 8.096565 
 10.87479 
 11.94653 
 11.40213 
 9.680386 
 10.50628 
 6.506205 
 .257099 
 2.07538 
 7.017694 
 3.846464 
 5.160172 
 9.39627 
 9.265286 
 12.15709 
 10.44069 
 10.59387 
 8.885905 
 7.137518 
 6.492366 
 3.304077 
 3.052018 
 7.069823 
 5.678442 
 6.386379 
 10.62354 
 13.73312 
 12.40159 
 9.439257 
 7.041346 
 7.241456 
 2.883109 
 2.20093 
 4.246881 
 4.793377 
 3.754918 
 6.946954 
 9.455741 
 13.40915 
 13.34389 
 11.95924 
 8.578485 
 3.77215 
 4.485595 
 1.986702 
 3.312047 
 1.882161 
 4.113783 
 4.881378 
 6.089011 
 11.93309 
 13.33885 
 12.80765 
 7.237051 
 7.531416 
 .324415 
 3.035353 
 5.437879 
 1.898818 
 4.201206 
 7.511773 
 12.79378 
 11.5169 
 13.14434 
 12.83805 
 10.03129 
 5.876725 
 6.059347 
 7.408885 
 7.32079 
 10.14877 
 8.940874 
 7.14633 
 9.700618 
 13.0478 
 12.90551 
 10.41887 
 7.606467 
 3.61128 
 .217181 
 2.681867 
 5.430931 
 8.088306 
 7.727923 
 9.78584 
 8.264401 
 12.95487 
 11.58532 
 11.70812 
 11.92877 
 6.59212 
 5.469215 
 5.917517 
 8.11021 
 3.653207 
 7.003358 
 8.281628 
 9.902351 
 13.44502 
 12.92111 
 10.84414 
 8.912477 
 3.846118 
 5.698775 
 7.236043 
 6.546079 
 6.761402 
 8.094962 
 8.659456 
 9.389565 
 17.4046 
 13.318 
 11.76878 
 9.307162 
 8.776187 
 6.161728 
 1.181274 
 4.11149 
 5.551587 
 5.17693 
 6.826275 
 12.44382 
 13.15258 
 13.53448 
 10.39188 
 8.97297 
 5.929714 
 3.552439 
 5.717245 
 7.357148 
 7.489491 
 5.899421 
 10.20083 
 10.3196 
 10.66749 
 13.79043 
 12.65899 
 10.91926 
 7.508468 
 6.149101 
 4.670253 
 4.132265 
 6.10623 
 5.074876 
 7.265955 
 9.747625 
 13.78802 
 12.84566 
 9.44416 
 8.304273 
 6.84657 
 3.578797 
 2.694952 
 1.264182 
 3.28386 
 7.48342 
 6.019973 
 10.16861 
 12.18475 
 10.19206 
 10.76525 
 6.658604 
 2.891023 
 3.990199 
 7.457243 
 8.072955 
 9.468018 
 6.343062 
 8.640625 
 11.58044 
 10.7994 
 10.01836 
 7.39742 
 8.456282 
 4.380349 
 4.100923 
 1.564594 
 3.255741 
 4.742505 
 6.353548 
 8.757553 
 9.922368 
 10.24507 
 10.53258 
 8.561992 
 9.371663 
 6.267137 
 2.565257 
 3.127029 
 2.548819 
 2.299329 
 6.731541 
 8.166474 
 12.2959 
 12.76741 
 11.60905 
 6.700765 
 9.146498 
 6.584129 
 2.538861 
 1.50771 
-.18472 
 6.41134 
 9.823356 
 8.43037 
 11.96104 
 9.169973 
 10.24143 
 12.18565 
 9.130918 
 6.071029 
 2.152723 
 3.142789 
 1.569952 
 5.020585 
 8.733584 
 8.161536 
 9.935692 
 13.10153 
 12.67867 
 10.15484 
 4.621606 
 3.905911 
-3.33508 
 1.247218 
 5.519491 
 4.793067 
 4.89339 
 6.877621 
 8.634307 
 13.33459 
 10.77156 
 9.07895 
 5.03132 
 5.831997 
 3.400539 
 3.738868 
 7.399799 
 8.226164 
 8.917368 
 10.51958 
 13.5518 
 13.37187 
 10.72747 
 7.472265 
 10.20563 
 .58 
 .47 
 .49 
 .65 
 .33 
 .28 
 .11 
 .08 
 .15 
 .27 
 .65 
 .8 
 .83 
 .57 
 .46 
 .57 
 .42 
 .19 
 .09 
 .16 
 .16 
 .43 
 .33 
 .4 
 .51 
 .71 
 .75 
 .55 
 .53 
 .28 
 .1 
 .09 
 .3 
 .59 
 .45 
 .75 
 .8 
 .88 
 .7 
 .51 
 .36 
 .37 
 .19 
 .16 
 .23 
 .27 
 .54 
 .67 
 .74 
 .59 
 .45 
 .52 
 .34 
 .28 
 .11 
 .21 
 .32 
 .24 
 .26 
 .5 
 .8 
 .58 
 .68 
 .58 
 .54 
 .22 
 .13 
 .12 
 .12 
 .34 
 .71 
 .57 
 .73 
 .74 
 .72 
 .5 
 .5 
 .23 
 .05 
 .31 
 .21 
 .39 
 .53 
 .73 
 .42 
 .71 
 .67 
 .42 
 .47 
 .18 
 .11 
 .16 
 .14 
 .49 
 .53 
 .45 
 .29 
 .74 
 .6 
 .7 
 .63 
 .32 
 .09 
 .18 
 .34 
 .54 
 .78 
 .82 
 .75 
 .22 
 .59 
 .32 
 .44 
 .45 
 .11 
 .17 
 .11 
 .37 
 .63 
 .7 
 .75 
 .46 
 .57 
 .73 
 .35 
 .29 
 .12 
 .28 
 .13 
 .36 
 .76 
 .67 
 .69 
 .66 
 .53 
 .52 
 .42 
 .34 
 .15 
 .16 
 .19 
 .28 
 .76 
 .79 
 .75 
 .65 
 .67 
 .83 
 .26 
 .3 
 .14 
 .17 
 .17 
 .37 
 .67 
 .46 
 .7 
 .73 
 .62 
 .35 
 .44 
 .3 
 .15 
 .45 
 .25 
 .5 
 .74 
 .77 
 .83 
 .87 
 .46 
 .57 
 .24 
 .46 
 .06 
 .08 
 .27 
 .4 
 .33 
 .63 
 .74 
 .69 
 .47 
 .51 
 .4 
 .35 
 .06 
 .01 
 .12 
 .41 
 .78 
 .78 
 .65 
 .58 
 .66 
 .47 
 .53 
 .33 
 .08 
 .15 
 .11 
 .38 
 .49 
 .67 
 .57 
 .75 
 .6 
 .43 
 .35 
 .26 
 .13 
 .22 
 .26 
 .47 
 .68 
 .66 
 .65 
 .79 
 .64 
 .38 
 .48 
 .21 
 .07 
 .12 
 .22 
 .5 
 .88 
 .86 
 .71 
 .56 
 .74 
 .53 
 .32 
 .25 
 .18 
 .15 
 .04 
 .3 
 .48 
 .74 
 .53 
 .71 
 .69 
 .56 
 .3 
 .25 
 .12 
 .2 
 .14 
 .5 
 .56 
 .55 
 .67 
 .68 
 .53 
 .61 
 .34 
 .36 
 .29 
 .4 
 .4 
 .32 
 .61 
 .44 
 .6 
 .69 
 .57 
 .51 
 .62 
 .53 
 .11 
 .31 
 .4 
 .46 
 .71 
 .71 
 .81 
 .79 
 .78 
 .71 
 .35 
 .26 
 .14 
 .25 
 .36 
 .23 
 .49 
 .51 
 .67 
 .82 
 .59 
 .61 
 .31 
 .18 
 .24 
 .26 
 .13 
 .58 
 .69 
 .62 
 .69 
 .83 
 .51 
 .61 
 .49 
 .4 
 .16 
 .1 
 .26 
 .36 
 .54 
 .61 
 .78 
 .69 
 .75 
 .5 
 .48 
 .27 
 .1 
 .1 
 .22 
 .48 
 .73 
 .81 
 .66 
 .68 
 .72 
 .52 
 .35 
 .46 
 .23 
 .26 
 .38 
 .54 
 .64 
 .59 
 .75 
 .94 
 .84 
 .62 
 .36 
 .38 
 .14 
 .35 
 .19 
 .48 
 .75 
 .86 
 .6 
 .7 
 .65 
 .49 
 .5 
 .18 
 .14 
 .12 
 .16 
 .57 
 .79 
 .51 
 .62 
 .48 
 .53 
 .46 
 .41 
 .35 
 .36 
 .18 
 .45 
 .41 
 .58 
 .65 
 .88 
 .7 
 .74 
 .55 
 .51 
 .27 
 .333333 
 .396666 
 .46 
 .26 
 .44 
 .61 
 .62 
 .61 
 .7 
 .6 
 .52 
 .44 
 .27 
 .11 
 .3 
 .48 
 .69 
 .68 
 .85 
 .48 
 .36 
 .73 
 .51 
 .44 
 .15 
 .15 
 .13 
 .35 
 .73 
 .53 
 .55 
 .55 
 .79 
 .56 
 .43 
 .37 
 .06 
 .15 
 .26 
 .36 
 .37 
 .49 
 .63 
 .57 
 .54 
 .59 
 .51 
 .21 
 .15 
 .37 
 .16 
 .35 
 .42 
 .37 
 .57 
 .6 
 .69 
 .58 
 .47 
 .25 
 .16 
 .29 
 .16 
 .25 
 .5 
 .65 
 .71 
 .67 
 .67 
 .63 
 .36 
 .4 
 .15 
 .25 
 .15 
 .42 
 1.219485 
 1.14862 
 1.33843 
 1.147778 
 1.25673 
 1.104325 
 1.181639 
 1.187045 
 1.368146 
 1.156408 
 .982657 
 .970181 
 .83802 
 1.271663 
 1.154606 
 1.005004 
 1.015236 
 1.214819 
 1.093331 
 1.196657 
 1.13288 
 1.053082 
 1.316003 
 1.276555 
 1.307192 
 1.128667 
 .803779 
 1.0348 
 .850636 
 1.024247 
 1.109551 
 1.011031 
 1.091289 
 .994211 
 1.194955 
 .929332 
 1.03506 
 .798115 
 .929332 
 1.041628 
 .860848 
 .819398 
 .958167 
 1.012833 
 1.1664 
 1.123368 
 .94479 
 .914914 
 .841625 
 .83669 
 .88728 
 1.11674 
 .999016 
 .847332 
 1.001419 
 .900496 
 .984519 
 1.087324 
 1.167021 
 1.08372 
 .864453 
 .954412 
 .860247 
 .719456 
 .789962 
 1.162055 
 1.017639 
 1.101141 
 1.011211 
 1.045273 
 1.203025 
 1.369668 
 .949156 
 .824053 
 1.08372 
 1.291793 
 1.054885 
 1.011832 
 1.162415 
 1.02665 
 1.203025 
 1.076511 
 1.193714 
 1.008027 
 1.360657 
 1.100733 
 .969581 
 1.1335 
 .914313 
 1.12543 
 1.252525 
 1.081917 
 1.014315 
 1.085522 
 .975207 
 1.134181 
 1.151002 
 .482194 
 .535852 
 .525159 
 .441537 
 .571095 
 .487794 
 .496805 
 .411561 
 .46797 
 .733113 
 .716673 
 .933537 
 1.14862 
 .823002 
 .872783 
 .770738 
 .757943 
 .829009 
 .990606 
 .931755 
 .853039 
 1.129155 
 1.38769 
 1.093331 
 .927808 
 1.053082 
 .964034 
 1.106547 
 1.014315 
 1.155807 
 1.076511 
 1.113636 
 1.029053 
 1.016798 
 .958167 
 1.09213 
 .838685 
 1.063895 
 1.131638 
 1.009229 
 .96093 
 .991808 
 1.011632 
 1.01804 
 1.063895 
 1.095634 
 .965375 
 .810987 
 1.022917 
 .923925 
 .869058 
 1.071104 
 .954722 
 1.028452 
 1.13298 
 1.081357 
 1.111353 
 1.021143 
 1.336628 
 .997214 
 .987002 
 .988203 
 1.158951 
 .9852 
 1.057147 
 1.045273 
 1.033859 
 .998175 
 .978592 
 .799533 
 .803178 
 .940745 
 .788803 
 .971984 
 .980173 
 1.092731 
 .949136 
 1.156408 
 1.189448 
 1.095013 
 1.08372 
 1.170746 
 1.114357 
 1.181038 
 .983676 
 .96057 
 1.000038 
 1.032657 
 .987002 
 1.119163 
 1.086723 
 1.191231 
 1.005024 
 1.001279 
 .902299 
 .992408 
 .844006 
 .972584 
 .882094 
 .846431 
 .869058 
 .980994 
 .897493 
 1.149019 
 .950958 
 .737458 
 .869258 
 1.002621 
 .886572 
 .848834 
 .990726 
 .896892 
 .924305 
 .924526 
 .881874 
 .959689 
 .879471 
 .87899 
 .801376 
 .941346 
 .965719 
 .926929 
 .959689 
 .887881 
 .962792 
 .946753 
 .959969 
 .975828 
 1.005024 
 .932375 
 .838621 
 1.013434 
 .878591 
 1.05909 
 .883336 
 .790563 
 .954102 
 1.027251 
 1.151002 
 1.087564 
 1.085522 
 .983898 
 1.027852 
 1.111353 
 1.059497 
 1.229097 
 1.043491 
 1.177434 
 1.123568 
 1.175031 
 1.220686 
 1.238408 
 1.029053 
 1.211716 
 1.218884 
 1.223089 
 1.235083 
 1.179837 
 1.073908 
 1.145595 
 1.179436 
 .976189 
 .987002 
 .962172 
 1.015236 
 .958447 
 1.049478 
 1.068701 
 .912511 
 1.007427 
 1.021143 
 .88728 
 .967758 
 .995412 
 .931734 
 .929892 
 .814592 
 .787118 
 .83802 
 .96057 
 .87061 
 .935339 
 .854781 
 1.081317 
 .997555 
 1.026049 
 1.045273 
 1.137846 
 1.144994 
 1.121085 
 1.005024 
 1.095734 
 .7336 
 .868658 
 .869679 
 .976189 
 .933617 
 .976789 
 .934738 
 1.020523 
 .859046 
 .94479 
 1.042269 
 1.14139 
 .973035 
 .988804 
 .994451 
 .801376 
 .832434 
 .907104 
 .881874 
 .87092 
 .888482 
 .886439 
 .860247 
 .741303 
 .890563 
 .834416 
 .857264 
 .753918 
 .815052 
 .906504 
 .814592 
 .834917 
 .881874 
 .993209 
 .785156 
 1.087925 
 .97237 
 .923324 
 1.191851 
 1.085522 
 .936721 
 .965375 
 1.00983 
 1.085702 
 1.012833 
 .95286 
 1.134782 
 .83742 
 .955742 
 .932936 
 .926168 
 .865053 
 1.016177 
 1.114357 
 .991808 
 1.134121 
 .91191 
 .790843 
 .730489 
 1.177434 
 .846001 
 .946753 
 .767254 
 .809786 
 .91189 
 1.0675 
 .877068 
 1.083219 
 .701053 
 .795809 
 .803779 
 .828409 
 1.00895 
 .697449 
 .860368 
 .740702 
 .824984 
 .85424 
 .869859 
 .752356 
 .833214 
 .70646 
 .579706 
 .491999 
 .849327 
 .789962 
 .849194 
 .727486 
 .897613 
 1.003822 
 .958467 
 .943549 
 .899295 
 .916236 
 .768335 
 .703456 
 .909186 
 .801976 
 .972724 
 .897493 
 .948515 
 .957566 
 .947954 
 .954722 
 .774343 
 .820639 
 .951308 
 1.047075 
 1.091422 
 1.10895 
 .982797 
 .856643 
 .803879 
 .943148 
 .884277 
 1.071425 
 .761127 
 .849194 
 .994211 
 1.081917 
 1.050186 
 .928731 
 .893888 
 .955163 
 .949756 
 .881273 
 .998416 
 .890164 
 1.033258 
 1.008108 
 1.017639 
 .931734 
 .935124 
 .869258 
 .959068 
 1.074709 
 1.036042 
 .937742 
 .968379 
 .918098 
 .991808 
 .927409 
 .899786 
 .872162 
 .757322 
 1.046594 
 .900717 
 .95286 
 1.023626 
 .949756 
 .996934 
 .956585 
 .920581 
 .798913 
 .90382 
 .757322 
 .891405 
 .790843 
 .834917 
 .995072 
 .974587 
 .9361 
 .964655 
 1.019281 
 .920581 
 160.528 
 65.786 
 24.13 
 178.816 
 2.286 
 .508 
 1.524 
 0 
 9.144 
 18.542 
 289.052 
 863.092 
 467.36 
 409.448 
 4.064 
 40.64 
 95.758 
 28.956 
 4.318 
 0 
 4.826 
 123.698 
 11.938 
 5.08 
 217.678 
 385.572 
 185.674 
 110.236 
 134.366 
 1.778 
 0 
 0 
 155.956 
 214.63 
 146.05 
 258.572 
 329.184 
 782.066 
 283.21 
 225.806 
 58.42 
 154.94 
 23.114 
 4.318 
 10.668 
 8.89 
 31.75 
 102.108 
 656.844 
 335.026 
 119.888 
 126.746 
 7.112 
 1.27 
 0 
 5.842 
 199.898 
 .762 
 1.27 
 70.612 
 315.214 
 304.546 
 272.542 
 74.168 
 132.08 
 0 
 0 
 0 
 0 
 13.462 
 210.566 
 331.216 
 220.98 
 165.354 
 216.154 
 24.892 
 84.328 
 25.4 
 5.334 
 1.27 
 9.652 
 31.75 
 291.846 
 240.792 
 110.49 
 527.558 
 231.394 
 20.828 
 10.414 
 1.778 
 0 
 30.226 
 38.608 
 277.368 
 91.948 
 173.228 
 101.6 
 177.038 
 233.68 
 355.346 
 50.038 
 5.842 
 0 
 .254 
 4.572 
 97.028 
 417.322 
 41.402 
 223.012 
 4.318 
 75.946 
 8.636 
 25.4 
 35.814 
 2.54 
 0 
 6.858 
 112.014 
 372.618 
 774.446 
 242.824 
 32.766 
 26.924 
 335.28 
 7.874 
 3.556 
 0 
 36.068 
 0 
 2.54 
 560.832 
 60.452 
 340.868 
 228.854 
 96.774 
 47.498 
 0 
 1.778 
 0 
 5.08 
 9.398 
 0 
 417.576 
 306.578 
 379.476 
 26.924 
 285.75 
 259.588 
 33.02 
 56.388 
 .508 
 0 
 1.27 
 31.242 
 103.124 
 166.37 
 263.144 
 291.592 
 150.622 
 10.922 
 71.628 
 12.7 
 0 
 67.056 
 2.794 
 106.172 
 136.144 
 416.56 
 614.172 
 471.424 
 99.568 
 119.38 
 1.016 
 17.018 
 0 
 0 
 1.524 
 42.672 
 53.34 
 566.674 
 866.902 
 96.266 
 102.616 
 5.08 
 6.604 
 51.054 
 0 
 0 
 .508 
 96.52 
 653.288 
 416.56 
 207.518 
 5.588 
 270.764 
 38.354 
 72.136 
 20.32 
 .762 
 3.81 
 18.796 
 20.066 
 193.802 
 178.308 
 174.244 
 92.71 
 136.144 
 135.128 
 65.532 
 39.624 
 0 
 2.032 
 36.068 
 114.808 
 339.344 
 167.132 
 481.584 
 352.552 
 213.614 
 .508 
 21.844 
 5.334 
 4.064 
 0 
 34.798 
 128.27 
 701.548 
 297.18 
 405.384 
 115.824 
 483.108 
 148.082 
 11.684 
 14.478 
 102.362 
 6.35 
 0 
 80.264 
 71.628 
 234.696 
 84.836 
 422.148 
 588.264 
 100.33 
 0 
 7.874 
 14.478 
 11.938 
 0 
 198.882 
 54.61 
 106.172 
 18.796 
 232.41 
 79.756 
 145.288 
 .762 
 0 
 0 
 138.938 
 43.434 
 1.778 
 39.624 
 10.16 
 84.074 
 62.992 
 75.184 
 32.004 
 135.636 
 .762 
 .254 
 6.858 
 225.806 
 48.006 
 121.158 
 339.852 
 829.818 
 255.016 
 395.986 
 270.002 
 5.08 
 6.35 
 1.016 
 .254 
 127 
 0 
 74.93 
 9.652 
 375.412 
 351.536 
 185.166 
 105.41 
 56.896 
 0 
 .508 
 20.066 
 10.668 
 202.946 
 197.104 
 195.834 
 161.29 
 571.754 
 153.162 
 122.428 
 46.736 
 42.926 
 0 
 0 
 36.576 
 21.082 
 24.384 
 392.938 
 382.27 
 192.532 
 262.636 
 79.248 
 103.378 
 0 
 2.794 
 0 
 30.48 
 166.37 
 543.306 
 383.032 
 223.52 
 245.11 
 269.24 
 292.608 
 0 
 58.674 
 16.764 
 8.382 
 23.368 
 151.384 
 220.218 
 368.808 
 440.69 
 525.78 
 877.57 
 175.006 
 61.976 
 6.096 
 6.35 
 40.132 
 62.738 
 82.804 
 434.086 
 600.964 
 14.732 
 118.872 
 152.146 
 65.786 
 30.988 
 25.908 
 0 
 14.732 
 4.826 
 21.844 
 517.398 
 76.708 
 30.734 
 80.772 
 110.236 
 17.018 
 12.446 
 54.356 
 27.686 
 6.35 
 162.052 
 102.87 
 121.666 
 166.878 
 379.222 
 611.886 
 327.406 
 44.704 
 125.73 
 0 
 0 
 0 
 116.84 
 36.322 
 8.89 
 89.662 
 232.918 
 228.346 
 338.328 
 5.588 
 48.26 
 2.032 
 5.334 
 0 
 0 
 11.938 
 98.044 
 458.978 
 282.448 
 2.54 
 8.636 
 114.808 
 151.384 
 40.894 
 6.35 
 0 
 0 
 177.8 
 435.864 
 162.306 
 59.436 
 33.02 
 377.698 
 54.102 
 33.274 
 3.302 
 0 
 3.81 
 131.318 
 153.924 
 34.29 
 0 
 270.002 
 84.582 
 76.454 
 49.022 
 324.104 
 4.572 
 .254 
 27.94 
 13.462 
 50.546 
 16.51 
 19.558 
 37.846 
 95.504 
 565.404 
 45.212 
 43.942 
 43.688 
 .254 
 0 
 0 
 61.976 
 40.132 
 143.764 
 109.982 
 487.68 
 255.016 
 144.78 
 1.524 
 172.212 
 3.556 
 0 
 0 
 235.712 
 156.1173 
 167.7455 
 173.1567 
 273.1516 
 233.4852 
 128.4859 
 100.8545 
 91.18359 
 98.50591 
 94.86778 
 139.431 
 861.1784 
 809.5998 
 616.4267 
 409.4051 
 349.7673 
 336.1819 
 182.7356 
 128.4859 
 114.2097 
 110.8786 
 132.6306 
 123.7272 
 120.657 
 143.6832 
 435.9345 
 461.4442 
 292.6625 
 324.6688 
 158.466 
 117.8939 
 102.6966 
 122.2996 
 181.4461 
 179.4044 
 291.9717 
 408.9446 
 1264.465 
 607.4301 
 663.8442 
 368.8791 
 248.8821 
 158.8805 
 129.407 
 124.2031 
 128.4859 
 123.7272 
 133.0912 
 438.4181 
 428.2865 
 280.4586 
 243.1716 
 169.933 
 128.0101 
 107.7624 
 97.63092 
 124.6789 
 107.3019 
 106.5957 
 113.2887 
 185.1303 
 445.622 
 402.0367 
 225.5642 
 208.617 
 152.2796 
 103.1572 
 95.78883 
 96.12654 
 104.5387 
 151.8038 
 294.7348 
 186.0513 
 439.5036 
 330.6556 
 238.4128 
 217.3669 
 145.1415 
 101.3151 
 94.86778 
 93.74717 
 102.2361 
 158.466 
 244.9983 
 148.749 
 638.8608 
 321.4452 
 283.145 
 194.3408 
 134.1964 
 95.78883 
 94.40726 
 89.94018 
 303.4848 
 148.9485 
 291.9717 
 177.7619 
 462.9574 
 303.4848 
 776.6263 
 346.3134 
 163.7006 
 122.9597 
 106.3808 
 103.7405 
 118.3544 
 232.2265 
 137.2359 
 274.0113 
 181.002 
 163.9462 
 173.2181 
 138.1569 
 150.852 
 92.56516 
 86.11784 
 88.98843 
 97.63092 
 153.2314 
 742.3634 
 617.1011 
 297.2512 
 204.4723 
 476.8257 
 223.3537 
 135.1482 
 118.8149 
 104.5387 
 101.837 
 105.4598 
 237.9369 
 158.8805 
 331.1161 
 307.9584 
 410.3261 
 338.8222 
 181.9066 
 125.1548 
 104.5387 
 95.78883 
 98.03004 
 98.09144 
 256.9719 
 415.3919 
 339.8661 
 382.3987 
 462.8258 
 474.9222 
 429.2076 
 252.689 
 137.6964 
 121.1176 
 110.8786 
 122.4991 
 120.3961 
 146.4463 
 190.6566 
 528.73 
 343.5503 
 211.288 
 168.0909 
 119.4443 
 99.93353 
 107.7624 
 108.0233 
 116.9728 
 132.7688 
 244.0773 
 656.7061 
 626.624 
 401.1157 
 518.7026 
 374.8659 
 192.7289 
 128.4859 
 108.2229 
 121.8237 
 125.2623 
 125.6307 
 431.9707 
 1347.03 
 440.5233 
 374.4053 
 209.3845 
 172.6962 
 143.7139 
 113.7492 
 110.065 
 106.1199 
 122.0386 
 311.2215 
 454.5364 
 473.4178 
 284.5046 
 482.6283 
 396.8789 
 327.8925 
 234.13 
 135.3938 
 104.9992 
 108.4992 
 128.9465 
 136.0999 
 171.3146 
 252.3667 
 285.0145 
 436.576 
 333.5876 
 183.2882 
 136.5758 
 108.6834 
 107.7624 
 108.9751 
 131.7096 
 208.9086 
 234.4063 
 473.8783 
 529.2398 
 414.0103 
 263.1583 
 220.1301 
 128.9618 
 108.6834 
 98.09144 
 102.7887 
 143.6832 
 750.4532 
 544.7989 
 966.6382 
 354.3561 
 818.8102 
 570.097 
 306.7084 
 197.0118 
 150.1305 
 127.5649 
 128.9618 
 124.3412 
 142.2863 
 165.3278 
 158.4199 
 433.3852 
 645.193 
 392.1201 
 365.1949 
 220.8055 
 132.1701 
 117.8939 
 122.7754 
 150.1305 
 141.3345 
 135.3938 
 129.8675 
 186.6105 
 200.7881 
 186.0667 
 140.4595 
 106.5957 
 99.01249 
 114.2097 
 108.0233 
 108.2229 
 109.451 
 106.8413 
 106.8413 
 113.6998 
 112.8281 
 95.17479 
 102.6966 
 92.79542 
 82.89418 
 90.72307 
 112.3062 
 106.3808 
 117.5408 
 292.8927 
 884.2045 
 532.299 
 567.8251 
 433.0453 
 261.5771 
 152.7555 
 119.2755 
 105.4598 
 113.7338 
 103.1572 
 109.451 
 102.6966 
 162.1041 
 261.5607 
 314.5373 
 220.8055 
 236.2484 
 106.5957 
 95.78883 
 90.26255 
 91.3678 
 125.7228 
 160.8454 
 159.8015 
 571.5093 
 714.8307 
 408.0235 
 270.2964 
 196.1828 
 128.9618 
 108.6834 
 94.40726 
 105.644 
 99.01249 
 103.7405 
 162.5646 
 221.5116 
 282.975 
 353.6818 
 210.3363 
 145.5253 
 105.1681 
 86.11784 
 76.90737 
 85.65731 
 106.3808 
 502.9988 
 610.1932 
 338.945 
 589.4039 
 518.5491 
 749.9774 
 309.4716 
 177.9768 
 129.8675 
 114.2097 
 109.451 
 134.0122 
 169.887 
 378.5869 
 517.932 
 862.0389 
 1259.544 
 542.4487 
 474.9283 
 306.6341 
 171.9087 
 137.1806 
 136.7423 
 137.9036 
 406.3012 
 661.583 
 318.3643 
 296.1958 
 382.1329 
 272.5473 
 229.1379 
 85.68111 
 119.5057 
 113.3117 
 115.3042 
 125.9024 
 140.7492 
 203.1966 
 145.6312 
 178.4476 
 191.9783 
 206.0391 
 122.9689 
 109.5747 
 101.3657 
 96.11119 
 108.2185 
 115.0801 
 118.4926 
 172.6317 
 339.9858 
 1241.806 
 666.6165 
 274.2271 
 212.5222 
 129.1236 
 117.8617 
 107.8407 
 119.5347 
 119.0682 
 110.5788 
 117.0603 
 151.9588 
 255.9114 
 416.0136 
 177.2012 
 132.3727 
 96.90698 
 103.5993 
 79.23762 
 96.83084 
 96.27238 
 107.1192 
 312.5386 
 277.5573 
 185.0911 
 165.7377 
 152.0655 
 164.1627 
 124.284 
 81.48958 
 84.59811 
 92.49087 
 88.4619 
 177.658 
 136.324 
 139.0273 
 146.8309 
 691.7703 
 313.7532 
 168.3995 
 105.2728 
 82.34615 
 85.76784 
 100.2952 
 145.9444 
 108.4374 
 96.44737 
 197.7348 
 140.4983 
 217.3439 
 118.0357 
 227.8853 
 150.7521 
 95.68751 
 91.72701 
 89.6499 
 91.26649 
 94.08028 
 85.71258 
 94.03423 
 108.2851 
 279.7816 
 172.2045 
 160.1515 
 98.62488 
 85.63429 
 79.44025 
 80.48456 
 88.1119 
 84.41053 
 90.70465 
 109.7887 
 388.099 
 270.6034 
 216.4417 
 127.6201 
 97.02119 
 89.57637 
 73.80805 
 84.46287 
 93.18687 
