 3.9
 3.6
 3.7
 4.3
 5.3
 6.7
 7.9
 6.5
 5.8
 5
 4.2
 3.7
 3.1
 3.1
 3.5
 3.2
 2.9
 3.2
 3
 2.9
 2.7
 2.6
 3.1
 4.9
 5.9
 5.8
 5.7
 4.9
 4.7
 4
 4.3
 4
 4
 4.4
 3.9
 4.2
 3.9
 4.2
 4.5
 5.8
 7.4
 7.5
 6.7
 6
 5.2
 5.1
 5.7
 5.2
 5.2
 5.5
 6.1
 6.6
 7
 7
 6.5
 5.8
 5.6
 5.4
 5.4
 5.7
 5.7
 5.6
 5.5
 5.6
 5.3
 4.9
 5.1
 4.9
 4.8
 4.4
 4.2
 4
 3.8
 3.8
 3.7
 3.9
 3.8
 3.8
 4
 3.7
 3.5
 3.7
 3.4
 3.4
 3.4
 3.5
 3.7
 3.9
 4.6
 5
 5.5
 5.9
 5.9
 6
 5.8
 5.8
 5.7
 5.6
 5.6
 4.9
 5
 4.8
 4.6
 5.1
 5.1
 5.5
 6
 8.1
 8.8
 8.6
 8.4
 7.9
 7.7
 7.8
 7.7
 7.5
 7.2
 6.9
 6.8
 6.4
 6.1
 6.2
 5.8
 5.9
 5.8
 5.7
 6
 6.3
 6.9
 7.8
 7.5
 7.5
 7.2
 7.2
 7.9
 8.6
 9.3
 9.8
 10.4
 10.4
 10.2
 9.4
 8.8
 8.1
 7.7
 7.4
 7.3
 7.4
 7.3
 7.3
 7.1
 6.7
 7.1
 7
 6.9
 6.7
 6.3
 6
 6
 5.8
 5.4
 1106.1
 1116.3
 1125.5
 1112.4
 1105.9
 1114.3
 1103.3
 1148.2
 1181
 1225.3
 1260.2
 1286.6
 1320.4
 1349.8
 1356
 1369.2
 1365.9
 1378.2
 1406.8
 1431.4
 1444.9
 1438.2
 1426.6
 1406.8
 1401.2
 1418
 1438.8
 1469.6
 1485.7
 1505.5
 1518.7
 1515.7
 1522.6
 1523.7
 1540.6
 1553.3
 1552.4
 1561.5
 1537.3
 1506.1
 1514.2
 1550
 1586.7
 1606.4
 1637
 1629.5
 1643.4
 1671.6
 1666.8
 1668.4
 1654.1
 1671.3
 1692.1
 1716.3
 1754.9
 1777.9
 1796.4
 1813.1
 1810.1
 1834.6
 1860
 1892.5
 1906.1
 1948.7
 1965.4
 1985.2
 1993.7
 2036.9
 2066.4
 2099.3
 2147.6
 2190.1
 2195.8
 2218.3
 2229.2
 2241.8
 2255.2
 2287.7
 2300.6
 2327.3
 2366.9
 2385.3
 2383
 2416.5
 2419.8
 2433.2
 2423.5
 2408.6
 2406.5
 2435.8
 2413.8
 2478.6
 2478.4
 2491.1
 2491
 2545.6
 2595.1
 2622.1
 2671.3
 2734
 2741
 2738.3
 2762.8
 2747.4
 2755.2
 2719.3
 2695.4
 2642.7
 2669.6
 2714.9
 2752.7
 2804.4
 2816.9
 2828.6
 2856.8
 2896
 2942.7
 3001.8
 2994.1
 3020.5
 3115.9
 3142.6
 3181.6
 3181.7
 3178.7
 3207.4
 3201.3
 3233.4
 3157
 3159.1
 3199.2
 3261.1
 3250.2
 3264.6
 3219
 3170.4
 3179.9
 3154.5
 3159.3
 3186.6
 3258.3
 3306.4
 3365.1
 3451.7
 3498
 3520.6
 3535.2
 3577.5
 3599.2
 3635.8
 3662.4
 3721.1
 3704.6
 3712.4
 3733.6
 3783
 3823.5
 3872.8
 3935.6
 3974.8
 4010.7
 681.4
 682.9
 688.3
 688.7
 696.9
 695.3
 700.8
 711.9
 725.8
 754.8
 740.5
 754.4
 740.3
 747.8
 752.3
 754.7
 768.1
 772.7
 790
 799.8
 803.7
 803.1
 803.3
 807.1
 814.3
 827.3
 842.3
 855.3
 869.1
 878
 892.7
 895.1
 896.5
 899.2
 908.4
 914.3
 916.2
 922.6
 925.7
 916.5
 926
 939.7
 949.4
 964.3
 977.2
 986.3
 989.6
 997.1
 1009.8
 1005.7
 1007.8
 1009.5
 1023.5
 1024.6
 1042.9
 1053.6
 1063.6
 1072.8
 1085.8
 1094.1
 1100.2
 1115.5
 1123.6
 1145.2
 1164.4
 1184.8
 1188
 1208.2
 1221.7
 1242.3
 1273.2
 1287.6
 1293.1
 1305.5
 1309.5
 1319.4
 1336.5
 1343.3
 1351.5
 1378.1
 1396.7
 1421.5
 1427.1
 1442.9
 1451.7
 1459.9
 1472
 1481.5
 1488.1
 1501.3
 1497.2
 1520.9
 1533
 1541
 1560.1
 1581.8
 1607.9
 1629.9
 1667.8
 1689.9
 1687.2
 1694.5
 1686.8
 1667.5
 1677.2
 1686.7
 1664.7
 1677.1
 1706
 1723.9
 1740.4
 1777.5
 1790.4
 1809.9
 1837.8
 1863.7
 1869
 1888
 1914.2
 1923
 1960.8
 1970.3
 1989.7
 1997.5
 1994.1
 2007.9
 2018
 2015.4
 1974.1
 1996.3
 2015.6
 2022.9
 2022.4
 2031.5
 2020
 2031.2
 2041
 2051.8
 2078.7
 2094.2
 2135.1
 2163
 2191.9
 2212.1
 2246.7
 2257.3
 2281.1
 2319.1
 2337.4
 2375.9
 2386.9
 2410.9
 2432.4
 2464.4
 2477.8
 2478.3
 2507.7
 2536.5
 2532.3
 2570.8
 2586.8
 180.4
 181.3
 178.7
 181.6
 196.3
 205.1
 215.2
 217.6
 226.6
 231.4
 228.4
 225.9
 221.4
 229.6
 246.4
 285.9
 318.3
 348
 366.8
 377.1
 387.6
 396.7
 398.3
 411.9
 420.2
 420.4
 423.5
 397.4
 379
 372.4
 364.9
 364.8
 358.3
 363.2
 359
 360
 364.9
 362.4
 367.6
 379.4
 381.6
 382.1
 381.2
 386.5
 392.7
 397.1
 404.7
 399.3
 398.8
 397.1
 395.3
 395.2
 402.6
 406.8
 410.1
 419.7
 422.4
 426.7
 439.6
 446
 446.9
 452.1
 452.6
 455.2
 454.4
 464.1
 465.5
 469.2
 472.7
 470.3
 471.1
 469.6
 480.8
 491.5
 505.8
 513.5
 523.4
 541.9
 551.7
 569.2
 573.1
 579.1
 583.2
 590.1
 600.5
 601
 599
 593.2
 596
 590.4
 585.3
 578.6
 569.7
 571.6
 570.6
 567.6
 564
 566.9
 567.4
 576.4
 574.1
 566.1
 566.1
 572.5
 568.6
 555.8
 564.2
 567.8
 580.2
 572.6
 572.1
 577.5
 577.2
 582.1
 586.8
 582.4
 580.3
 579.4
 579
 580.2
 587.5
 594.9
 593.6
 592.5
 601.3
 611.5
 611.1
 606.7
 606.9
 611.3
 611.7
 617.8
 625.1
 621.1
 617.9
 626.3
 626.4
 630.2
 635.9
 634.6
 629.7
 642.5
 660.1
 649.2
 650.9
 653.6
 642.2
 653
 680.2
 684.5
 693.2
 705.5
 716.7
 749.8
 752.7
 744.1
 761.2
 765.2
 776
 776.6
 774.9
 210.3
 211.5
 206
 183.2
 160.2
 168.3
 163.4
 201.9
 226.1
 241.6
 270.3
 241.6
 249
 233.8
 216.2
 219.9
 199.9
 206.6
 220.8
 222.3
 225.1
 217.4
 201.5
 203.2
 206.4
 215
 225.7
 245.1
 260.8
 264.3
 268.9
 262.1
 258.3
 257.1
 253.8
 248.6
 245.3
 249.2
 230.3
 210.9
 206.2
 222.2
 246.4
 261.7
 283.1
 262.4
 274.1
 288.7
 261.4
 258.3
 233.6
 238.3
 249.1
 270.5
 278.4
 287.7
 291.2
 294.7
 280.7
 291.9
 306.9
 315.6
 314
 324.7
 323.6
 324.5
 330.8
 362.1
 364.3
 369.9
 371.8
 396.9
 390.9
 389.1
 385.2
 368.7
 361.7
 378.8
 388.4
 387.7
 397.2
 392
 390.2
 412
 409.1
 419.5
 400.5
 379.9
 376.4
 390.6
 379.3
 415.5
 423.1
 425.9
 412.8
 439.5
 462.3
 473.8
 486
 515.7
 521.7
 511.4
 534.2
 501.1
 496.5
 465.5
 462.2
 370.6
 358.1
 394.4
 410.1
 444.7
 454.9
 452.8
 461.8
 492
 519
 546.9
 527.2
 544
 584.6
 583.3
 595.8
 582.2
 590.1
 575.7
 552.9
 556.7
 499.2
 467.7
 513.5
 552.3
 551.2
 560.7
 517.9
 464.2
 467.5
 448.6
 408.8
 427.1
 486.9
 524.8
 577.2
 655.2
 658.4
 664.2
 655.7
 634.3
 647.5
 618.1
 648
 676.1
 642.3
 625.1
 615.2
 646.3
 656.7
 671.7
 721.1
 707
 713.5
