 1.749316E-02 
 1.139078E-02 
 1.512399E-02 
 1.476502E-02 
 6.508857E-03 
-2.321631E-03 
-1.309052E-02 
-1.775706E-02 
-2.558246E-02 
-4.029995E-02 
-5.121243E-02 
-5.523282E-02 
-5.616614E-02 
-5.236113E-02 
-4.661772E-02 
-.041664 
-3.218737E-02 
-1.804423E-02 
-4.18824E-03 
-9.605289E-05 
-6.916374E-03 
-1.043421E-02 
-6.704032E-04 
 8.662641E-03 
 5.360186E-03 
-5.049765E-03 
-.0113675 
-8.711189E-03 
-4.116446E-03 
-3.111362E-03 
-9.605289E-05 
 7.944733E-03 
 1.332918E-02 
 1.641628E-02 
 1.986232E-02 
 .0209392 
 2.022126E-02 
 1.677522E-02 
 1.447785E-02 
 1.131898E-02 
 2.201319E-03 
-4.619002E-03 
-9.85986E-03 
-1.639301E-02 
-1.689553E-02 
-1.316231E-02 
-1.093674E-02 
-.0133059 
-1.596224E-02 
-1.940829E-02 
-1.775706E-02 
-1.273158E-02 
-7.77787E-03 
-3.039569E-03 
 3.637165E-03 
 1.160616E-02 
 .0178521 
 2.416983E-02 
 2.524677E-02 
 2.790305E-02 
 3.170809E-02 
 3.063121E-02 
 2.646723E-02 
 .0225186 
 2.072379E-02 
 1.612911E-02 
 8.878022E-03 
 2.847433E-03 
-5.480498E-03 
-.0144546 
-1.969546E-02 
-2.156207E-02 
-2.529529E-02 
-2.924389E-02 
-2.744907E-02 
-.0270901 
-3.283352E-02 
-3.864872E-02 
-4.525363E-02 
-.0535816 
-5.674046E-02 
-5.501744E-02 
-5.200216E-02 
-4.690486E-02 
-4.037175E-02 
-3.793079E-02 
-3.606418E-02 
-3.505909E-02 
-3.814617E-02 
-3.943843E-02 
-2.220821E-02 
 7.657558E-03 
 3.242603E-02 
 4.944089E-02 
 5.425099E-02 
 4.872295E-02 
 3.730795E-02 
 1.569834E-02 
-1.244441E-02 
-4.633054E-02 
-.0720323 
-7.002211E-02 
-3.929484E-02 
 3.996134E-03 
 3.687719E-02 
 4.585126E-02 
 3.730795E-02 
 3.012863E-02 
 2.955434E-02 
 3.335932E-02 
 4.161546E-02 
 5.669191E-02 
 6.580958E-02 
 5.697909E-02 
 .0406104 
 3.824124E-02 
 5.468175E-02 
 .0670301 
 6.071231E-02 
 4.297957E-02 
 2.294937E-02 
 1.433426E-02 
 3.091839E-02 
 6.882492E-02 
 .1087416 
 .1309256 
 .1354485 
 .1330076 
 .120372 
 .1039315 
 9.287545E-02 
 8.239374E-02 
 6.595317E-02 
 3.127733E-02 
-1.940829E-02 
-7.267845E-02 
-.1059184 
-.1027596 
-8.172432E-02 
-5.121243E-02 
-1.222903E-02 
 1.088822E-02 
 6.221682E-03 
-1.589045E-02 
-4.245374E-02 
-6.442228E-02 
-7.504761E-02 
-.0700939 
-5.738661E-02 
-4.812536E-02 
-5.408415E-02 
-7.217589E-02 
-8.674979E-02 
-8.244225E-02 
-5.896604E-02 
-4.073071E-02 
-3.900769E-02 
-3.685391E-02 
-1.617762E-02 
 1.368815E-02 
 1.088822E-02 
-1.718271E-02 
-3.951022E-02 
-4.511005E-02 
-3.635135E-02 
-3.290531E-02 
-3.197199E-02 
-8.208632E-03 
 3.127733E-02 
 4.384103E-02 
 7.654428E-04 
-5.329442E-02 
-5.781737E-02 
-5.480498E-03 
 7.327601E-02 
 .1236745 
 .1139107 
 5.073312E-02 
-2.170566E-02 
-.0692324 
-8.251405E-02 
-.0721041 
-4.891506E-02 
-1.883394E-02 
 2.754411E-02 
 5.669191E-02 
 3.651819E-02 
-2.242357E-02 
-9.794945E-02 
-.1025442 
-4.245374E-02 
 4.642248E-03 
 1.677522E-02 
 1.921615E-02 
 2.517495E-02 
 3.903094E-02 
 5.360487E-02 
 5.590221E-02 
 .0246006 
-4.029995E-02 
-.0945034 
-.1062056 
-6.406331E-02 
 7.370383E-03 
 6.889668E-02 
 8.045533E-02 
 2.948251E-02 
-3.362322E-02 
-.0621967 
-5.264828E-02 
-5.695879E-03 
 6.480452E-02 
 .1129056 
 .1101057 
 7.528624E-02 
 6.257895E-02 
 6.265071E-02 
 3.781047E-02 
-6.916374E-03 
-6.499663E-02 
-.106421 
-.125805 
-.1151079 
-5.932501E-02 
 1.84235E-03 
 4.908189E-02 
 6.789157E-02 
 5.776885E-02 
 4.003605E-02 
 2.000591E-02 
-2.106249E-03 
-3.146946E-02 
-2.816698E-02 
 3.350291E-02 
 8.749101E-02 
 6.817874E-02 
 4.355073E-03 
-.0349873 
-4.116145E-02 
-2.113131E-02 
 3.099015E-02 
 6.803516E-02 
 .0469999 
-1.804423E-02 
-7.145795E-02 
-6.829908E-02 
-1.682374E-02 
 3.400543E-02 
 2.969792E-02 
-2.184924E-02 
-7.813469E-02 
-.1153951 
-.1020416 
-.0621967 
-3.793079E-02 
-1.976725E-02 
 4.782677E-04 
 2.280578E-02 
 .0186418 
-1.969546E-02 
-4.934582E-02 
-2.012622E-02 
 .026539 
 3.149274E-02 
 1.282662E-02 
-1.043421E-02 
 1.985937E-03 
 5.382022E-02 
 .1033572 
 9.079346E-02 
 3.759506E-02 
 1.634446E-02 
 3.888735E-02 
 .0765067 
 9.653684E-02 
 9.222928E-02 
 .0745683 
 8.059892E-02 
 .1009162 
 9.136781E-02 
 4.793325E-02 
-1.17296E-03 
-4.798177E-02 
-8.545753E-02 
-8.143714E-02 
-2.816698E-02 
 3.436443E-02 
 6.631216E-02 
 6.537887E-02 
 4.628202E-02 
 .0228776 
 1.986232E-02 
 4.714349E-02 
 5.726627E-02 
 2.165714E-02 
-4.044354E-02 
-9.077018E-02 
-.0673658 
 1.555175E-03 
 .1017059 
 .1873546 
 .1900109 
 .1024956 
-1.675487E-03 
-5.602255E-02 
-4.582798E-02 
 1.957515E-02 
 8.914223E-02 
 .1218797 
 8.296803E-02 
 4.283279E-03 
-3.268993E-02 
-8.136839E-03 
 2.840564E-02 
 1.957515E-02 
-2.888492E-02 
-9.507775E-02 
-.1558143 
-.1595476 
-.0956521 
-1.294693E-02 
 5.539969E-02 
 6.695828E-02 
 6.149888E-03 
-8.832926E-02 
-.133415 
-.1233641 
-.1097234 
-.1148925 
-.1227179 
-.1001032 
-7.483223E-02 
-4.575619E-02 
-.0358488 
-.05552 
-6.858626E-02 
-7.468864E-02 
-7.160154E-02 
-9.364191E-02 
-.1132413 
-7.957053E-02 
-3.477192E-02 
 2.072379E-02 
 5.920467E-02 
 4.822043E-02 
 2.366731E-02 
-1.043421E-02 
-.0448229 
-6.061727E-02 
-7.461685E-02 
-6.068906E-02 
-1.718271E-02 
 1.332918E-02 
 2.589288E-02 
 3.824124E-02 
 6.265071E-02 
 8.727559E-02 
 8.232191E-02 
 3.982064E-02 
-7.921457E-03 
-2.831057E-02 
 5.001217E-03 
 .0465692 
 .0620046 
 4.721531E-02 
-7.42197E-04 
-2.630037E-02 
-1.388341E-03 
 3.206703E-02 
 3.838482E-02 
 3.472337E-02 
 .0608559 
 7.945022E-02 
 2.531853E-02 
-6.262746E-02 
-.1048416 
-6.097624E-02 
 3.256962E-02 
 .1086698 
 .1213771 
 6.645575E-02 
-9.575784E-04 
-2.651575E-02 
 3.565371E-03 
 4.398462E-02 
 5.568686E-02 
 2.036485E-02 
-3.340787E-02 
-5.760199E-02 
-5.580717E-02 
-4.216656E-02 
-5.552292E-03 
 3.515413E-02 
 1.986232E-02 
-5.616614E-02 
-.1222154 
-.1049134 
-2.665934E-02 
 3.874376E-02 
 .0529587 
 4.297957E-02 
 1.742133E-02 
-3.312069E-02 
-8.064744E-02 
-.1012519 
-7.913977E-02 
-1.366487E-02 
 6.071231E-02 
 8.591154E-02 
 3.608742E-02 
-4.101789E-02 
-7.878083E-02 
-5.724302E-02 
-.0270901 
-6.700993E-03 
 2.790305E-02 
 6.774798E-02 
 .1164235 
 .1322178 
 9.122422E-02 
 4.549226E-02 
 2.230325E-02 
 5.999443E-02 
 .1382484 
 .1798163 
 .1513146 
 7.270172E-02 
 1.340097E-02 
-1.811603E-02 
-2.127489E-02 
-5.839467E-03 
 8.806229E-03 
 6.149888E-03 
 3.134608E-03 
 .0170624 
 3.048763E-02 
 5.102029E-02 
 7.672212E-02 
 8.418855E-02 
 3.235421E-02 
-3.685391E-02 
-6.370437E-02 
-1.043421E-02 
 .0884243 
 .1443508 
 .1259001 
 6.114307E-02 
 9.883136E-03 
 1.483381E-03 
 2.344906E-03 
-4.977971E-03 
-1.955187E-02 
-4.999197E-02 
-6.212491E-02 
-5.788916E-02 
-3.548983E-02 
-7.059962E-03 
 .0111036 
 3.436443E-02 
 4.728708E-02 
 8.44726E-03 
-5.659688E-02 
-.0996725 
-.1112311 
-.1258768 
-.1281742 
-.1128823 
-9.665719E-02 
-4.654592E-02 
-1.481354E-02 
-1.819074E-03 
 1.691881E-02 
 1.325738E-02 
-1.237261E-02 
-.0495612 
-6.485304E-02 
-5.587897E-02 
-5.085346E-02 
-4.690486E-02 
-.0231415 
 6.365269E-03 
 1.361635E-02 
 1.663163E-02 
 2.000591E-02 
 2.629161E-04 
-3.125408E-02 
-5.487385E-02 
-4.223835E-02 
-.0153161 
 7.155001E-03 
 4.951265E-02 
 6.186101E-02 
 3.702077E-02 
 5.719155E-03 
-9.85986E-03 
-1.086497E-02 
-2.393124E-02 
-2.443376E-02 
-8.782983E-03 
 .0138317 
 3.465161E-02 
 3.235421E-02 
 3.92434E-03 
-4.633054E-02 
-7.109901E-02 
-3.082332E-02 
 .0315645 
 5.073312E-02 
 .0131138 
-2.701831E-02 
-3.728467E-02 
-1.610583E-02 
-1.143929E-02 
-4.252553E-02 
-5.882245E-02 
-5.609435E-02 
-4.834074E-02 
-4.252553E-02 
-4.467931E-02 
-3.620777E-02 
-4.906178E-03 
 .038672 
 6.760439E-02 
 5.245617E-02 
 1.117539E-02 
-3.714108E-02 
-5.702764E-02 
-3.556162E-02 
 2.632052E-03 
 1.404709E-02 
 2.129814E-02 
 6.494811E-02 
 .1243924 
 .1465764 
 .0678198 
-5.731481E-02 
-.1465531 
-.1325535 
-4.446393E-02 
 2.136996E-02 
 6.437376E-02 
 .0884243 
 .1046495 
 .1111108 
 7.916304E-02 
 1.770556E-03 
-6.442228E-02 
-7.540655E-02 
-3.627956E-02 
-2.465218E-03 
 1.907256E-02 
 4.448721E-02 
 .0454205 
-2.465218E-03 
-6.234029E-02 
-9.637001E-02 
-.1209231 
-.1210667 
-6.040189E-02 
 2.603647E-02 
 8.031175E-02 
 7.880411E-02 
 5.267152E-02 
 2.761593E-02 
-3.111362E-03 
-2.680293E-02 
-.0270901 
-2.357227E-02 
-1.632121E-02 
 2.122638E-02 
 7.198378E-02 
 .10307 
 8.928582E-02 
 4.958448E-02 
 3.630283E-02 
 .0658814 
 .1194387 
 .1528941 
 .1403304 
 7.815793E-02 
-4.550219E-04 
-4.855612E-02 
-3.491551E-02 
 7.872939E-03 
 3.256962E-02 
 2.201608E-02 
-1.502892E-02 
-1.108032E-02 
 4.764608E-02 
 .1071622 
 .1169977 
 5.712268E-02 
-3.405398E-02 
-.1260922 
-.1349227 
-3.527448E-02 
 6.982997E-02 
 .0994086 
-6.916374E-03 
-.1776393 
-.2547446 
-.1896287 
-4.022816E-02 
 8.526543E-02 
 9.222928E-02 
 6.437063E-03 
-6.284285E-02 
-4.396138E-02 
 3.773865E-02 
 .1008444 
 .1159209 
 .0793784 
 1.088822E-02 
-5.997115E-02 
-9.392908E-02 
-.073181 
-2.831057E-02 
 9.02161E-03 
 2.108279E-02 
 1.770556E-03 
-.0543713 
-9.543672E-02 
-7.267845E-02 
-4.080251E-02 
-2.328509E-02 
-7.42197E-04 
 1.361635E-02 
 3.149274E-02 
 .0344362 
 .0118933 
-5.983055E-03 
-.0318284 
-7.095543E-02 
-8.394989E-02 
-7.504761E-02 
-6.700683E-02 
-4.065892E-02 
 1.131898E-02 
 .0718402 
 8.382955E-02 
 4.786143E-02 
-4.690796E-03 
-5.896604E-02 
-7.447326E-02 
-3.907949E-02 
-1.029372E-03 
 1.483682E-02 
 .0355849 
 6.674293E-02 
 7.586059E-02 
 7.729641E-02 
 .1029982 
 .1272641 
 .1028546 
 4.175904E-02 
-5.265117E-03 
-.0456844 
-4.654592E-02 
-1.596224E-02 
 1.964691E-02 
 5.087671E-02 
 2.165714E-02 
-3.671032E-02 
-.1034057 
-.1160412 
-5.997115E-02 
-6.704032E-04 
 3.580025E-02 
 2.646723E-02 
 3.134608E-03 
-1.201364E-02 
-4.044354E-02 
-4.475111E-02 
 1.914144E-03 
 .0560458 
 9.179857E-02 
 9.287545E-02 
 4.872295E-02 
-1.187006E-02 
-6.241208E-02 
-8.251405E-02 
-.0543713 
-1.029372E-03 
 4.032323E-02 
 4.829219E-02 
 2.632365E-02 
 3.386185E-02 
 5.740985E-02 
 5.094853E-02 
-4.834384E-03 
-8.050385E-02 
-9.881097E-02 
-5.365339E-02 
-1.545969E-02 
-.0125162 
-2.924389E-02 
-4.317164E-02 
-.049633 
-4.180759E-02 
-2.106249E-03 
 4.807684E-02 
 4.908189E-02 
-2.134669E-02 
-7.074004E-02 
-3.168482E-02 
 4.111293E-02 
 9.467027E-02 
 9.811631E-02 
 4.872295E-02 
 1.124719E-02 
 1.626968E-03 
 2.452883E-02 
 .0620046 
 9.287545E-02 
 9.352157E-02 
 6.265071E-02 
 2.560258E-03 
-6.679145E-02 
-.1025442 
-.1052005 
-9.278038E-02 
-5.508924E-02 
-5.121559E-03 
 2.618006E-02 
 .0138317 
-3.513089E-02 
-6.190956E-02 
-3.326428E-02 
-8.857846E-04 
 .0139035 
 3.565371E-03 
-1.395205E-02 
 9.883136E-03 
-.0125162 
-4.697666E-02 
-.0389359 
-3.470302E-03 
 5.662015E-02 
 9.280363E-02 
 .1011316 
 6.401476E-02 
-1.502892E-02 
-5.616614E-02 
-4.130504E-02 
 1.024207E-02 
 4.987165E-02 
 .0367336 
 1.088822E-02 
-3.542095E-03 
 2.022126E-02 
 6.566605E-02 
 8.081427E-02 
 3.723612E-02 
-.035777 
-7.777572E-02 
-5.343801E-02 
-6.772786E-03 
 1.347277E-02 
 1.124412E-03 
-.0144546 
 3.134608E-03 
 2.783129E-02 
 3.816941E-02 
 5.942008E-02 
 7.586059E-02 
 4.628202E-02 
-1.553148E-02 
-5.315083E-02 
-5.336621E-02 
-1.861855E-02 
 2.531853E-02 
 5.568686E-02 
 6.423017E-02 
 2.294937E-02 
-7.77787E-03 
 2.129525E-03 
 6.218553E-04 
-1.869035E-02 
-4.388958E-02 
-5.027914E-02 
-2.665934E-02 
 2.754411E-02 
 5.432281E-02 
 4.233339E-02 
-1.819074E-03 
-5.250469E-02 
-6.693503E-02 
-4.733562E-02 
-2.278253E-02 
-1.366487E-02 
-2.220821E-02 
-3.391039E-02 
-5.322263E-02 
-8.481139E-02 
-.1170463 
-.1479172 
-.1286767 
-5.264828E-02 
 .0118933 
 4.606661E-02 
 4.886654E-02 
 4.714042E-03 
-5.408415E-02 
-9.349832E-02 
-9.213427E-02 
-3.843334E-02 
 1.727775E-02 
 4.857937E-02 
 4.750249E-02 
 6.365269E-03 
-1.696733E-02 
 5.001217E-03 
 4.412821E-02 
 5.173823E-02 
 2.495959E-02 
-1.962662E-03 
-4.547209E-03 
 1.196206E-03 
-4.065892E-02 
-9.579569E-02 
-9.708795E-02 
-.0436742 
 5.066136E-02 
 .1169977 
 9.739837E-02 
 3.709254E-02 
-2.062875E-02 
-6.097624E-02 
-6.456587E-02 
-4.231015E-02 
-5.33691E-03 
 4.168728E-02 
 8.540902E-02 
 .1219515 
 .13631 
 .1098903 
 7.959381E-02 
 5.891749E-02 
 4.233339E-02 
 3.580025E-02 
 3.974888E-02 
 4.965624E-02 
 .0765067 
 .1399714 
 .2006362 
 .1980517 
 .1554786 
 8.548078E-02 
 2.517495E-02 
-2.321631E-03 
-.0133059 
-9.500891E-03 
 9.59596E-03 
 2.754411E-02 
 .0315645 
 1.813927E-02 
-5.695879E-03 
-.0271619 
-2.572605E-02 
-3.132588E-02 
-7.038108E-02 
-.1260204 
-.1460505 
-7.160154E-02 
 6.494811E-02 
 .1357357 
 8.332703E-02 
-4.152042E-02 
-.1321945 
-.1507171 
-.1428917 
-.1093645 
-7.160154E-02 
-7.562193E-02 
-.1207077 
-.1405225 
-6.887344E-02 
 4.534867E-02 
 .1164952 
 .1101057 
 4.987165E-02 
-.0153161 
-8.509856E-02 
-.1397328 
-.1664397 
-.149353 
-7.526296E-02 
-1.560327E-02 
-1.689553E-02 
-2.809519E-02 
-2.335688E-02 
-2.522349E-02 
-.0172545 
 1.096001E-02 
 6.193277E-02 
 .0884243 
 4.836401E-02 
-2.263895E-02 
-.0602583 
-4.302806E-02 
 1.770556E-03 
 3.781047E-02 
 4.384103E-02 
 1.483682E-02 
-5.265117E-03 
 1.626968E-03 
-7.849663E-03 
-4.302806E-02 
-8.359092E-02 
-.0759809 
-1.603693E-03 
 5.662015E-02 
 7.306066E-02 
 6.516346E-02 
 1.835468E-02 
-2.084413E-02 
-1.079318E-02 
 2.854922E-02 
 4.958448E-02 
 5.231258E-02 
 6.746086E-02 
 4.262057E-02 
-1.545969E-02 
-5.128422E-02 
-2.874133E-02 
 2.897999E-02 
 4.692814E-02 
 2.840564E-02 
 .0288364 
 6.351224E-02 
 9.718302E-02 
 8.619872E-02 
 2.596471E-02 
-2.615678E-02 
-4.159221E-02 
-5.494565E-02 
-6.722221E-02 
-6.248388E-02 
-3.333607E-02 
 2.201608E-02 
 6.616858E-02 
 7.076332E-02 
 4.412821E-02 
 2.302119E-02 
 .0442718 
 8.849606E-02 
 8.627054E-02 
 2.826205E-02 
-2.450556E-02 
-3.010538E-02 
 1.024207E-02 
 2.790305E-02 
-2.178043E-03 
-3.434116E-02 
-3.793079E-02 
-1.158288E-02 
 3.594384E-02 
 8.548078E-02 
 .1060853 
 9.108064E-02 
 6.846592E-02 
 4.635379E-02 
 2.517495E-02 
-.0144546 
-.0594686 
-.0692324 
-3.642315E-02 
 3.070298E-02 
 8.174756E-02 
 9.086522E-02 
 5.992261E-02 
-8.854777E-03 
-4.984838E-02 
-5.803275E-02 
-4.848433E-02 
-2.177745E-02 
-3.247455E-02 
-6.384793E-02 
-8.940613E-02 
-9.148812E-02 
-.041664 
-3.832281E-04 
 1.411587E-03 
-2.586964E-02 
-8.545753E-02 
-.1166156 
-6.779653E-02 
 1.289842E-02 
 4.843578E-02 
 4.125652E-02 
 2.000591E-02 
 2.560571E-02 
 .0533177 
 6.358406E-02 
 .0768657 
 7.607594E-02 
 5.252793E-02 
-9.85986E-03 
-5.961218E-02 
-7.619628E-02 
-5.135602E-02 
 1.971874E-02 
 5.827138E-02 
 .0454205 
 6.93962E-03 
-2.256715E-02 
-1.043421E-02 
-3.901064E-03 
-2.881312E-02 
-4.518184E-02 
-4.611516E-02 
-.0173263 
 3.142092E-02 
 5.288693E-02 
 2.869281E-02 
 2.560258E-03 
 6.149888E-03 
 1.325738E-02 
 9.811342E-03 
 1.354456E-02 
 2.388272E-02 
 3.113374E-02 
 2.826205E-02 
 9.165198E-03 
-.1352099 
-9.723154E-02 
-8.036026E-02 
-.086678 
-9.213427E-02 
-7.397071E-02 
-9.931654E-03 
 4.585126E-02 
 6.480452E-02 
 8.196297E-02 
 9.833166E-02 
 9.258828E-02 
 5.367664E-02 
 9.093404E-03 
-1.912111E-02 
-2.364406E-02 
-1.466995E-02 
-1.151109E-02 
-7.418901E-03 
 2.488777E-02 
 8.088604E-02 
 .1214489 
 .1071622 
 5.274335E-02 
-2.551067E-02 
-.1158976 
-.1921414 
-.2017617 
-.1467685 
-8.875999E-02 
-6.370437E-02 
-.0408743 
 2.165714E-02 
 .1164235 
 .1790985 
 .173714 
 .1419816 
 .1082391 
 7.499906E-02 
 5.618939E-02 
 5.898932E-02 
 6.466094E-02 
 7.657853E-02 
 8.469108E-02 
 8.203474E-02 
 .0560458 
 7.011414E-03 
-3.836155E-02 
-5.415595E-02 
-3.986919E-02 
-3.477192E-02 
-6.851447E-02 
-.1218564 
-.1625628 
-.19609 
-.2229405 
-.2368683 
-.2134638 
-.1538759 
-8.653441E-02 
-2.730548E-02 
-5.480498E-03 
 2.41667E-03 
 1.734957E-02 
 4.290774E-02 
 7.787076E-02 
 .1132645 
 .1287 
 .1298487 
 .1193669 
 8.892682E-02 
 5.819955E-02 
 4.211804E-02 
 3.400543E-02 
 1.921615E-02 
 1.267999E-03 
 8.303672E-03 
 3.486696E-02 
 6.430194E-02 
 8.059892E-02 
 6.882492E-02 
 4.290774E-02 
 .0217289 
 4.089758E-02 
 8.591154E-02 
 .1163516 
 .1197259 
 9.237286E-02 
 5.360487E-02 
 2.036485E-02 
-1.244754E-03 
-2.866954E-02 
-6.837088E-02 
-.1041954 
-.1228615 
-.1232205 
-.1032621 
-7.016569E-02 
-4.403317E-02 
-2.149028E-02 
-2.106249E-03 
 1.088822E-02 
 3.450802E-02 
 7.219914E-02 
 9.301904E-02 
 7.169661E-02 
 3.845659E-02 
 2.553394E-02 
 2.151355E-02 
 2.273402E-02 
 3.895918E-02 
 6.480452E-02 
 .1025675 
 .1185054 
 9.869066E-02 
 7.815793E-02 
 9.179857E-02 
 .1213771 
 .1313563 
 .1269052 
 .1201567 
 9.280363E-02 
 4.326668E-02 
-1.079318E-02 
-7.511941E-02 
-.1319074 
-.1491376 
-.1372918 
-.1160412 
-9.313935E-02 
-8.725235E-02 
-.1100824 
-.1425327 
-.1597629 
-.1348509 
-7.885262E-02 
-1.466995E-02 
 3.623101E-02 
 5.547145E-02 
 4.369745E-02 
 3.113374E-02 
 3.781047E-02 
 5.640474E-02 
 6.645575E-02 
 5.618939E-02 
 3.249779E-02 
 8.372366E-04 
-4.805356E-02 
-.0858165 
-9.148812E-02 
-.1001032 
-.1158976 
-.1230051 
-.1108004 
-8.165252E-02 
-3.750002E-02 
 1.088822E-02 
 6.358406E-02 
 .11068 
 .1355203 
 .1643809 
 .206236 
 .2669009 
 .3282118 
 .3406319 
 .3013614 
 .2009234 
 4.441538E-02 
-.1111593 
-.2326325 
-.3258912 
-.3850483 
-.3934481 
-.3610696 
-.3005484 
-.255319 
-.2508678 
-.2713287 
-.2979638 
-.301697 
-.2924358 
-.2945178 
-.2744158 
-.2174842 
-.118554 
-2.414659E-02 
 .0469999 
 .1122595 
 .1750781 
 .2442144 
 .3053099 
 .3472368 
 .3544879 
 .3175865 
 .26166 
 .2101847 
 .1734986 
 .1470789 
 .1317153 
 .1237463 
 .1057981 
 9.294721E-02 
 8.260909E-02 
 7.758358E-02 
 6.774798E-02 
 3.436443E-02 
-.0026806 
-1.883394E-02 
-3.060794E-02 
-5.674046E-02 
-8.301657E-02 
-.1070671 
-.1362149 
-.1461223 
-.1116619 
-4.245374E-02 
 2.388272E-02 
 6.975821E-02 
 .0915114 
 .1021367 
 .1153465 
 .130782 
 .1363818 
 .1383202 
 .141838 
 .1499506 
 .1341562 
 .1081673 
 9.438309E-02 
 8.548078E-02 
 6.939927E-02 
 4.534867E-02 
 1.332918E-02 
-1.790065E-02 
-.0125162 
 2.366731E-02 
 4.283598E-02 
 2.754411E-02 
-1.158288E-02 
-4.719204E-02 
-5.293545E-02 
-4.123324E-02 
-5.429953E-02 
-.1166156 
-.1807982 
-.2316274 
-.2556061 
-.2327043 
-.1749112 
-9.206247E-02 
-.0144546 
 4.017964E-02 
 6.789157E-02 
 7.636312E-02 
 .0793784 
 8.347061E-02 
 8.397314E-02 
 .0776554 
 7.909122E-02 
 6.480452E-02 
 3.228244E-02 
 .0139035 
 2.122638E-02 
 2.775952E-02 
 6.796032E-03 
-1.574686E-02 
-3.900769E-02 
-7.382712E-02 
-.112667 
-.1482043 
-.1792905 
-.2092281 
-.2382323 
-.2671648 
-.2742722 
-.2487858 
-.2160484 
-.1850339 
-.16565 
-.1428199 
-.0906266 
-.0270901 
 .0304158 
 7.011715E-02 
 .1011316 
 .1296333 
 .1544736 
 .1834778 
 .2118359 
 .2256201 
 .2171485 
 .1971184 
 .1883597 
 .2087488 
 .2553422 
 .2999973 
 .3151455 
 .303874 
 .2399786 
 .1247514 
 4.139721E-03 
-9.550852E-02 
-.1859673 
-.272262 
-.3183529 
-.3324961 
-.3263219 
-.3167017 
-.3144761 
-.2790824 
-.1906338 
-.0732528 
 3.005686E-02 
 .1082391 
 .163663 
 .1836214 
 .179601 
 .15433 
 .1101057 
 6.982997E-02 
 5.460992E-02 
 6.580958E-02 
 9.064987E-02 
 .1209464 
 .1607195 
 .2068104 
 .2446451 
 .2293533 
 .1709141 
 .1297769 
 .1092441 
 8.382955E-02 
 3.414902E-02 
-1.847497E-02 
-3.039256E-02 
-1.495713E-02 
-9.28551E-03 
-3.800258E-02 
-7.698601E-02 
-.101898 
-.1242974 
-.1688806 
-.2227251 
-.2818823 
-.3257476 
-.3064353 
-.245268 
-.1636398 
-6.765294E-02 
 1.246765E-02 
 6.659934E-02 
 .1163516 
 .1744319 
 .2175075 
 .2061643 
 .1701243 
 .1386074 
 .1124031 
 8.540902E-02 
 4.549226E-02 
 2.629161E-04 
-6.348899E-02 
-.126164 
-.1752702 
-.2185611 
-.258765 
-.2656571 
-.2318428 
-.1927876 
-.1689524 
-.1627064 
-.1622757 
-.1485633 
-.1197026 
-8.624727E-02 
-6.693503E-02 
-.0641351 
-5.236113E-02 
-1.115212E-02 
 4.269239E-02 
 .1083108 
 .1974774 
 .2747262 
 .3119148 
 .3287143 
 .3297195 
 .3003562 
 .2432093 
 .1687603 
 .1022803 
 5.970725E-02 
 6.006619E-02 
 9.567538E-02 
 .1431303 
 .1784523 
 .2065232 
 .2146358 
 .181324 
 .1230284 
 6.408659E-02 
-1.237261E-02 
-.1200616 
-.2416784 
-.3520955 
-.4365236 
-.4798864 
-.4844094 
-.4612203 
-.4050785 
-.3342909 
-.2734825 
-.2138228 
-.1265947 
-8.639395E-03 
 .1437764 
 .2969102 
 .4127835 
 .4895299 
 .5155907 
 .5015193 
 .4748124 
 .4443005 
 .3867228 
 .3137815 
 .253332 
 .2029336 
 .1431303 
 .0548971 
-.0311105 
-.1052723 
-.1801521 
-.2340683 
-.2501499 
-.2492166 
-.2448372 
-.2655853 
-.2915025 
-.2830309 
-.230048 
-.149712 
-6.657606E-02 
 1.950333E-02 
 8.986017E-02 
 .1616528 
 .2272713 
 .2552705 
 .2282764 
 .1393971 
 3.307214E-02 
-3.821796E-02 
-7.296562E-02 
-9.155992E-02 
-.1232923 
-.1499991 
-.1541631 
-.1347791 
-.1105132 
-9.421623E-02 
-8.071923E-02 
-.0692324 
-5.903783E-02 
-2.500811E-02 
 1.332918E-02 
 4.240522E-02 
 7.054791E-02 
 7.442471E-02 
 3.587207E-02 
-6.629199E-03 
-5.099705E-02 
-9.242141E-02 
-.1301126 
-.1474864 
-.1276716 
-.1007494 
-7.547835E-02 
-5.788916E-02 
-5.487385E-02 
-4.554081E-02 
-2.220821E-02 
 7.51397E-03 
 4.319492E-02 
 7.600418E-02 
 .1103928 
 .1268333 
 .112762 
 .1024956 
 .1078801 
 .1189362 
 .1144132 
 9.502921E-02 
 7.033256E-02 
 6.020978E-02 
 5.532786E-02 
 4.355386E-02 
 2.244684E-02 
-2.967775E-03 
-4.906178E-03 
 1.634446E-02 
 5.353305E-02 
 7.162479E-02 
 6.645575E-02 
 3.960529E-02 
-1.380846E-02 
-6.514022E-02 
-8.617547E-02 
-.0740425 
-5.451488E-02 
-6.262746E-02 
-.1001032 
-.1368611 
-.1642859 
-.1818033 
-.1986028 
-.2179868 
-.2395964 
-.2491448 
-.2350017 
-.209587 
-.149712 
-5.300725E-02 
 4.613844E-02 
 .1270488 
 .1819701 
 .2231073 
 .25405 
 .2753724 
 .2795363 
 .2537628 
 .1885033 
 9.883425E-02 
 3.206703E-02 
 1.813927E-02 
 4.376927E-02 
 7.349142E-02 
 8.662948E-02 
 8.533719E-02 
 .1015624 
 .1350895 
 .1644527 
 .1781651 
 .1691193 
 .1302794 
 5.697909E-02 
-2.393124E-02 
-7.303742E-02 
-8.409348E-02 
-9.012407E-02 
-.1158258 
-.1698857 
-.2337812 
-.2810208 
-.321799 
-.3374498 
-.3258194 
-.305861 
-.2818105 
-.2621393 
-.2173406 
-.1260922 
-.0173263 
 9.301904E-02 
 .185847 
 .277239 
 .3636056 
 .4241268 
 .4493978 
 .4578693 
 .4399212 
 .3857895 
 .3178736 
 .2625933 
 .222892 
 .1844111 
 .1429149 
 8.404496E-02 
 1.462144E-02 
-4.640234E-02 
-7.885262E-02 
-9.048301E-02 
-.1033339 
-.1187693 
-.1517222 
-.1873313 
-.2009001 
-.1999668 
-.2187765 
-.2719749 
-.3075122 
-.3025585 
-.2527344 
-.1647166 
-7.662705E-02 
-1.502892E-02 
 .0197905 
 4.132828E-02 
 3.960529E-02 
 2.330837E-02 
 1.096001E-02 
-8.136839E-03 
-.0554482 
-.1333432 
-.2122434 
-.2401707 
-.1902748 
-8.631906E-02 
 3.615925E-02 
 .1565555 
 .2588601 
 .3285708 
 .3643953 
 .3648261 
 .3529085 
 .3384781 
 .2987768 
 .2118359 
 9.811631E-02 
-9.716272E-03 
-.0956521 
-.1418148 
-.1688806 
-.2057102 
-.2243046 
-.211669 
-.1678755 
-.1300408 
-.1184822 
-.1084312 
-9.916994E-02 
-8.818567E-02 
-.0594686 
-1.660836E-02 
-1.682374E-02 
-7.490402E-02 
-.1479172 
-.2100178 
-.2483551 
-.2656571 
-.2583343 
-.2154022 
-.1437532 
-6.750938E-02 
 8.590847E-03 
 9.495744E-02 
 .1993439 
 .292459 
 .3424985 
 .3479548 
 .3161506 
 .2661111 
 .2237535 
 .1847701 
 .1214489 
 3.694895E-02 
-4.475111E-02 
-.1012519 
-.1225743 
-.1181232 
-8.567291E-02 
-5.114064E-02 
-4.209477E-02 
-2.543887E-02 
 2.445701E-02 
 8.332703E-02 
 .1173567 
 .1340844 
 .1413355 
 .1421252 
 .1391099 
 .1255411 
 9.718302E-02 
 .0678198 
 5.762526E-02 
 4.872295E-02 
 3.343114E-02 
 2.244684E-02 
-3.832281E-04 
-2.299792E-02 
-.0408743 
-.0535816 
-5.753019E-02 
-5.444309E-02 
-3.642315E-02 
-2.859774E-02 
-4.898685E-02 
-.0898369 
-.1245845 
-.1449019 
-.1557426 
-.1457634 
-.1266665 
-.1017545 
-8.531395E-02 
-8.201149E-02 
-7.454506E-02 
-2.766445E-02 
 5.482534E-02 
 .1143415 
 .1145568 
 5.920467E-02 
-1.481354E-02 
-.0680837 
-8.639085E-02 
-7.583731E-02 
-5.645329E-02 
-4.044354E-02 
-1.890573E-02 
 1.325738E-02 
 4.728708E-02 
 6.157383E-02 
 3.350291E-02 
-1.402384E-02 
-2.802339E-02 
-.0026806 
 3.587207E-02 
 5.891749E-02 
 5.554327E-02 
 5.023059E-02 
 6.056872E-02 
 6.817874E-02 
 2.474418E-02 
-7.935515E-02 
-.1945106 
-.2715441 
-.2908564 
-.2710416 
-.2433296 
-.2202842 
-.1764906 
-8.265764E-02 
 3.924629E-02 
 .1462174 
 .2214561 
 .2619472 
 .2867157 
 .3223966 
 .3620261 
 .3800461 
 .3762411 
 .3372577 
 .2551269 
 .1689757 
 .1006291 
 3.221062E-02 
-5.279186E-02 
-.1437532 
-.1991771 
-.1757009 
-.1087184 
-4.597157E-02 
 5.073011E-03 
 4.068217E-02 
 .0541074 
 5.245617E-02 
 3.106198E-02 
-1.560327E-02 
-6.234029E-02 
-.102975 
-.1405225 
-.1642859 
-.1615578 
-.1301844 
-7.045287E-02 
 1.203689E-02 
 8.885506E-02 
 .1396125 
 .1586375 
 .155694 
 .1350895 
 .0990496 
 4.685631E-02 
-7.634282E-03 
-6.657606E-02 
-.1074979 
-.1080004 
-.1007494 
-9.069839E-02 
-6.370437E-02 
-2.996179E-02 
 5.575567E-03 
 3.659001E-02 
 3.967705E-02 
-1.187006E-02 
-8.639085E-02 
-.137579 
-.1506453 
-.1494966 
-.1655064 
-.1823776 
-.1799367 
-.1856801 
-.2197816 
-.2514422 
-.2400989 
-.1755573 
-8.545753E-02 
 1.447785E-02 
 .1098185 
 .1676116 
 .1900827 
 .2111898 
 .2434246 
 .2650342 
 .2674752 
 .2585011 
 .2350967 
 .2064514 
 .1801753 
 .1505968 
 .1180029 
 5.942008E-02 
-1.502892E-02 
-8.287299E-02 
-.1284613 
-.163209 
-.1886236 
-.1688806 
-.1102978 
-3.240275E-02 
 5.468175E-02 
 .1222387 
 .1625143 
 .1815394 
 .1739294 
 .1391817 
 5.877391E-02 
-.0397974 
-.1114465 
-.1578245 
-.1860391 
-.1874749 
-.169096 
-.1385841 
-8.969331E-02 
-3.319249E-02 
 2.158532E-02 
 6.214818E-02 
 9.100881E-02 
 .1244642 
 .1700526 
 .2129846 
 .2424196 
 .2486655 
 .2351685 
 .2188716 
 .1857751 
 .1086698 
 6.936491E-04 
-.1042672 
-.1871877 
-.2607034 
-.3266091 
-.3673873 
-.3750691 
-.3524545 
-.294446 
-.2076486 
-.1037647 
-6.485611E-03 
 6.379941E-02 
 9.919319E-02 
 .1219515 
 .1378894 
 .1611502 
 .191375 
 .2039387 
 .177519 
 .1141979 
 3.055939E-02 
-4.338703E-02 
-.1027596 
-.1381533 
-.1336304 
-8.775491E-02 
-3.024897E-02 
 9.236991E-03 
 3.989246E-02 
 7.227096E-02 
 .1071622 
 .1341562 
 .134228 
 9.086522E-02 
 1.203689E-02 
-6.844267E-02 
-.1440403 
-.2076486 
-.2458423 
-.2605599 
-.2594112 
-.2739133 
-.2963844 
-.2757799 
-.2180586 
-.1471274 
-8.804208E-02 
-3.405398E-02 
 4.786143E-02 
 .1508839 
 .252973 
 .333668 
 .3723643 
 .3755232 
 .3673388 
 .3639645 
 .3545597 
 .3340988 
 .2991358 
 .2401222 
 .1576324 
 4.154369E-02 
-8.373451E-02 
-.2016899 
-.2832463 
-.2893487 
-.2229405 
-.132051 
-7.820648E-02 
-4.697666E-02 
-1.029372E-03 
 4.161546E-02 
 5.453816E-02 
 3.120556E-02 
-1.696733E-02 
-7.820648E-02 
-.1505017 
-.2101614 
-.2423963 
-.2578317 
-.2633598 
-.2441193 
-.1779265 
-6.348899E-02 
 7.356319E-02 
 .2106872 
 .3234017 
 .3848562 
 .4033787 
 .3964866 
 .366549 
 .3183762 
 .2590754 
 .1910878 
 .1208028 
 6.724545E-02 
 3.149274E-02 
-2.465218E-03 
-.0251517 
-3.907949E-02 
-3.986919E-02 
-3.527448E-02 
-2.737728E-02 
-1.876214E-02 
-2.500811E-02 
-5.221754E-02 
-7.540655E-02 
-8.301657E-02 
-9.026766E-02 
-.1044108 
-.1166156 
-.137938 
-.1679473 
-.1798649 
-.1702447 
-.1490658 
-.1324099 
-.1180514 
-.1046262 
-.0799295 
-6.427869E-02 
-6.628889E-02 
-6.449407E-02 
-5.149961E-02 
-2.967465E-02 
 1.289842E-02 
 6.423017E-02 
 9.725478E-02 
 9.632149E-02 
 8.993194E-02 
 .0768657 
 3.795406E-02 
-2.342868E-02 
-9.888276E-02 
-.1760599 
-.2379452 
-.2678109 
-.2616367 
-.2176278 
-.1536606 
-9.816483E-02 
-4.101789E-02 
 2.783129E-02 
 .104434 
 .1762985 
 .2087488 
 .2092514 
 .2182254 
 .2316507 
 .2390453 
 .2272713 
 .1975491 
 .1471507 
 9.316263E-02 
 4.283598E-02 
-3.613889E-03 
-2.974644E-02 
-3.951022E-02 
-7.504761E-02 
-.164932 
-.2723338 
-.3332858 
-.3218708 
-.2530216 
-.1563887 
-6.133521E-02 
 9.59596E-03 
 3.422084E-02 
 2.933893E-02 
 .0296261 
 3.134915E-02 
 2.416983E-02 
 5.790949E-03 
 8.372366E-04 
 1.921615E-02 
 4.534867E-02 
 7.700929E-02 
-1.837432E-03 
-5.537868E-04 
-2.283871E-03 
-3.026128E-04 
-7.212162E-04 
-1.390934E-03 
-9.444356E-04 
-4.906952E-03 
-3.093123E-03 
 2.599478E-03 
 4.524887E-03 
 4.441202E-03 
 4.524887E-03 
 1.706541E-03 
 1.371682E-03 
 6.617785E-03 
 4.190028E-03 
 5.110919E-03 
 6.338716E-03 
 4.524887E-03 
 6.53404E-03 
 5.110919E-03 
 4.720271E-03 
 2.069294E-03 
 2.766907E-03 
 6.450355E-03 
 1.064718E-03 
-1.223505E-03 
-4.376769E-03 
-1.258081E-02 
-8.674085E-03 
-2.897799E-03 
-3.316343E-03 
 1.371682E-03 
 4.915595E-03 
 8.972883E-04 
-2.144337E-03 
 2.599478E-03 
-6.413817E-03 
-2.279401E-02 
-2.647743E-02 
-2.742621E-02 
-2.262658E-02 
-9.567082E-03 
 1.996756E-04 
 1.434743E-02 
 2.556521E-02 
 4.071754E-02 
 .0541119 
 4.230815E-02 
-3.595412E-03 
-8.744964E-02 
-.1090201 
-5.837274E-02 
-2.011514E-02 
 5.999982E-02 
 7.484525E-02 
 4.649389E-02 
 4.691243E-02 
 3.276467E-02 
 2.425367E-02 
-2.488685E-02 
-.1180055 
-.1369529 
-.1417805 
-1.065534E-02 
 .2138116 
 .2604408 
 .1057918 
-7.547843E-02 
-.1419758 
-8.410105E-02 
-2.971441E-02 
-5.537868E-04 
 1.390094E-02 
-5.856806E-02 
-3.172356E-02 
 7.347792E-02 
 8.480728E-02 
 7.908678E-02 
-4.735029E-02 
-.1296698 
-.1180892 
-.0479084 
 5.285621E-02 
 .1395288 
 .1713683 
 8.112389E-02 
 4.417777E-02 
-.1579095 
-.3700984 
-.2008552 
-3.119338E-02 
 .1199117 
 .2707098 
 .1923528 
 3.273678E-02 
-5.817741E-02 
-9.300271E-02 
-.1003138 
-.1374552 
-3.599301E-02 
 .1068243 
 .1604296 
 8.977437E-02 
-9.757912E-02 
-.11435 
-.0666326 
 7.036328E-03 
 8.410966E-02 
 7.995188E-02 
 6.862247E-02 
 2.962232E-03 
-2.432877E-02 
-6.652096E-02 
 3.391504E-04 
-5.63246E-03 
-7.307863E-02 
-4.988965E-02 
 2.179801E-02 
 8.581185E-02 
 .1552114 
 7.824963E-02 
-1.347375E-02 
-7.098576E-02 
-.1652206 
-.1421432 
 1.81812E-03 
 4.881001E-02 
 .1343385 
 .1956456 
 9.408295E-03 
-4.176933E-02 
-1.244128E-02 
-7.681787E-02 
-9.582111E-02 
-3.097013E-02 
 5.609316E-02 
 .1402264 
 7.760787E-02 
-2.642164E-02 
-6.358027E-03 
 8.360738E-02 
-2.572399E-02 
-5.309871E-02 
-1.590151E-02 
-.0114646 
 4.971385E-03 
 8.070529E-02 
 .1073266 
 .0923416 
-2.982602E-02 
-.1535285 
-.1303395 
-2.416134E-02 
 9.529954E-02 
 .1354268 
 .1249624 
 4.035479E-02 
-.1184799 
-.1362832 
-6.306076E-02 
 .0692364 
 .1074382 
 1.710999E-02 
-6.353515E-02 
-.100537 
-3.680226E-02 
 2.168643E-02 
 .1288971 
 .1382731 
 9.54777E-03 
-.108769 
-.1161638 
-9.503978E-02 
-3.942531E-02 
 4.356384E-02 
 9.638786E-02 
 .1145818 
 .0105803 
-.0889844 
-7.826892E-02 
-4.383427E-02 
 6.987816E-02 
 8.324462E-02 
 4.649389E-02 
-7.444596E-02 
-9.132841E-02 
-7.042766E-02 
-5.655891E-02 
 9.337413E-02 
 9.529954E-02 
 4.735893E-02 
-5.537868E-04 
-7.522729E-02 
-9.704894E-02 
-.0586797 
-1.989186E-02 
-1.072884E-04 
 .0809285 
 7.819384E-02 
 1.674724E-02 
 4.936808E-02 
-5.164766E-02 
-9.933713E-02 
-5.371261E-02 
-3.286767E-02 
-2.056158E-02 
 6.312519E-02 
 3.678298E-02 
-8.897364E-03 
-1.02818E-03 
-3.755569E-02 
-1.640379E-02 
 3.672719E-02 
-2.522171E-02 
 4.748166E-03 
 4.903322E-02 
-.0118832 
-2.949116E-02 
-.0154829 
-5.789834E-02 
-4.785258E-02 
-7.491112E-04 
 2.436531E-02 
 5.927432E-02 
 2.863473E-02 
-.0285145 
-3.504425E-02 
-5.404747E-02 
-2.806801E-02 
 1.203132E-02 
 6.896853E-03 
-2.367616E-03 
-6.654263E-04 
-4.779679E-02 
-1.779902E-02 
 4.261512E-02 
 4.805654E-02 
 3.831774E-02 
-1.418829E-03 
-6.984165E-02 
-7.271585E-02 
-3.496054E-02 
 1.147324E-02 
 6.513435E-02 
 6.934798E-02 
 4.339641E-02 
 2.470016E-02 
-1.330632E-02 
-5.019659E-02 
-4.093218E-02 
-4.516304E-03 
 2.292514E-03 
 .0346064 
 5.402821E-02 
 1.786345E-02 
 3.129661E-03 
-1.165992E-02 
-2.367616E-03 
 1.790226E-03 
 1.176298E-03 
 3.530401E-02 
 3.659844E-03 
-1.294357E-02 
-2.060652E-03 
-1.068324E-02 
-1.936167E-02 
 3.391504E-04 
 3.396457E-02 
 2.430946E-02 
 1.127791E-02 
-4.767418E-03 
-8.199751E-03 
-2.144337E-03 
-2.391019E-02 
-.0232963 
 3.114617E-02 
 3.628069E-02 
 3.966808E-03 
 7.706046E-03 
-1.779902E-02 
-.0496943 
-3.309089E-02 
 .000395 
 1.515669E-02 
 2.818829E-02 
 2.737904E-02 
 3.399247E-02 
 5.464208E-02 
 2.009583E-02 
-2.826336E-02 
-4.472724E-02 
-4.439238E-02 
-2.176154E-02 
 1.260042E-03 
 5.684662E-02 
 5.732095E-02 
 3.946185E-02 
 2.796501E-02 
-1.168782E-02 
-3.295138E-02 
-2.014303E-02 
-9.343803E-03 
-9.567082E-03 
 2.556521E-02 
 .0723896 
 4.119194E-02 
 1.239407E-02 
-3.677434E-02 
-.0729391 
-3.270024E-02 
-.0114367 
 1.339865E-02 
 5.840927E-02 
 4.730314E-02 
-6.374717E-04 
 1.15931E-04 
-2.488685E-02 
-2.550077E-02 
-2.876565E-02 
-5.974007E-02 
-3.546283E-02 
 9.966373E-03 
 .0324856 
 4.945177E-02 
 4.046643E-02 
-1.390934E-03 
-1.498061E-02 
-.0240218 
-7.168338E-02 
-3.339785E-02 
 1.351029E-02 
 2.989048E-02 
 3.834563E-02 
 9.715199E-03 
 5.05513E-03 
-5.57667E-03 
-2.223587E-02 
-3.406757E-02 
-7.781148E-03 
 5.027175E-03 
 9.324551E-03 
 3.817821E-02 
 2.539778E-02 
 7.287502E-03 
-1.339006E-02 
-3.390014E-02 
-2.633792E-02 
-2.742621E-02 
 3.045976E-03 
 1.554734E-02 
 2.673721E-02 
 9.49198E-03 
 2.386302E-02 
 8.180439E-03 
-3.417918E-02 
-2.661696E-02 
-1.279294E-03 
 6.394565E-03 
-2.814054E-03 
-5.63246E-03 
-.0102368 
-8.886456E-04 
 1.87397E-03 
-1.392025E-02 
 1.858896E-02 
-3.065228E-03 
-1.679444E-02 
-7.864892E-03 
-.0114367 
-2.223587E-02 
-8.227646E-03 
-9.874046E-03 
-.02045 
 2.389091E-02 
 2.358395E-02 
-4.739523E-03 
 1.939821E-02 
 2.916491E-02 
-.0159573 
-3.758359E-02 
-6.888211E-03 
-2.399391E-02 
-4.990637E-03 
-1.623636E-02 
-.0250822 
 .0427267 
 2.324909E-02 
-.0183571 
 7.734001E-03 
 6.896853E-03 
-4.651314E-02 
-4.009503E-02 
 2.428156E-02 
 3.912699E-02 
 2.617913E-02 
 1.496136E-02 
-.0240218 
-2.831915E-02 
-3.387225E-02 
-3.328624E-02 
 1.596594E-02 
 3.220659E-02 
 4.894948E-02 
 5.179578E-02 
 1.046866E-02 
-2.371484E-02 
-4.868972E-02 
-3.616044E-02 
-2.887726E-02 
 1.295221E-02 
 5.514437E-02 
 .0488658 
 1.970518E-02 
 2.962232E-03 
-8.81362E-03 
-3.348157E-02 
-3.651202E-03 
 1.967728E-02 
 7.427037E-03 
 2.735114E-02 
-1.949012E-03 
 7.985115E-03 
 .0390712 
 1.204252E-03 
-1.185524E-02 
 2.906442E-03 
-2.739829E-02 
-2.700764E-02 
 1.524037E-02 
 2.941608E-02 
 3.756434E-02 
 3.940606E-02 
-1.500851E-02 
-2.884936E-02 
-.0171572 
-2.893308E-02 
 2.683163E-03 
 3.976882E-02 
 2.291423E-02 
-2.61873E-03 
-9.288013E-03 
-3.599301E-02 
-2.360323E-02 
 6.450355E-03 
 2.366769E-02 
 3.572261E-02 
-3.595412E-03 
-1.991981E-02 
-1.223505E-03 
-1.336211E-02 
-2.806801E-02 
-6.553352E-03 
 2.327698E-02 
 .0170542 
 1.939821E-02 
 1.091516E-02 
-.0360209 
-3.055155E-02 
-2.287769E-02 
 5.892277E-03 
 1.677513E-02 
 1.803088E-02 
 1.306379E-02 
-2.215219E-02 
-3.136081E-02 
-8.328557E-04 
 3.380835E-03 
-.0232684 
-1.991981E-02 
-1.498061E-02 
-1.777112E-02 
 2.704418E-02 
 2.366769E-02 
 2.539778E-02 
 1.903546E-02 
-4.266226E-02 
-2.784479E-02 
-1.921117E-03 
-9.567082E-03 
 1.309168E-02 
 2.366769E-02 
-5.258918E-04 
 3.112555E-04 
 2.627373E-03 
-.0114646 
-1.558363E-03 
 5.027175E-03 
-2.033836E-02 
-1.110184E-02 
 1.208717E-02 
 1.987261E-02 
 1.635659E-02 
 1.588219E-02 
-5.63246E-03 
-2.670068E-02 
-1.707351E-02 
-4.376769E-03 
 1.775181E-02 
 2.107251E-02 
 1.373351E-02 
 1.088721E-02 
-2.940744E-02 
-3.719291E-02 
-2.837497E-02 
-2.468228E-04 
 3.109038E-02 
 3.675508E-02 
 4.225236E-02 
 2.711117E-03 
-2.058953E-02 
-.0154829 
-.0220964 
 5.345345E-04 
 1.448697E-02 
 1.018959E-02 
 8.972883E-04 
-6.246388E-03 
 1.539111E-03 
 6.561995E-03 
-2.67458E-03 
 3.112555E-04 
-5.102277E-03 
-1.107395E-02 
-5.939424E-03 
 1.236618E-02 
 3.711784E-02 
-5.465031E-03 
-.021622 
-2.664486E-02 
-2.720296E-02 
-2.67458E-03 
 1.284057E-02 
 4.108036E-02 
 1.557523E-02 
-2.904469E-02 
-2.192897E-02 
-.0319747 
-6.553352E-03 
 8.654833E-03 
 2.662557E-02 
 3.960139E-02 
 7.298589E-04 
-2.564028E-02 
-.0187757 
 6.729424E-03 
-3.986061E-03 
-1.586258E-03 
 2.827197E-02 
-3.986061E-03 
 1.233828E-02 
 2.684885E-02 
-1.009727E-02 
-8.422971E-03 
 1.448697E-02 
 4.580736E-03 
 1.138949E-02 
 4.682875E-02 
-9.957731E-03 
-2.254283E-02 
-2.594724E-02 
-1.902682E-02 
 6.338716E-03 
 .0158264 
 1.455367E-03 
-1.065534E-02 
 1.371682E-03 
-1.810598E-02 
 8.803606E-05 
 1.713794E-02 
-1.866406E-02 
-1.738042E-02 
 1.083142E-02 
 2.015167E-02 
-5.437136E-03 
 .0146544 
-1.171577E-02 
-3.445825E-02 
-9.064794E-03 
-1.581776E-02 
-.0012514 
 1.166856E-02 
 2.333283E-02 
 .0244211 
 2.852315E-02 
 6.952643E-03 
-5.912617E-02 
-.0434157 
-2.499849E-02 
-.0126645 
 6.245548E-02 
 7.699394E-02 
 2.698833E-02 
 1.761228E-02 
-2.617049E-02 
-5.893084E-02 
-.0450342 
-5.111745E-02 
-2.831915E-02 
 2.617913E-02 
 5.134934E-02 
 4.853094E-02 
 4.465216E-02 
-6.944001E-03 
-6.373048E-02 
-4.762936E-02 
-4.595506E-02 
-5.492926E-03 
 4.652178E-02 
 4.515445E-02 
 3.675508E-02 
 2.878547E-03 
-1.930588E-02 
-1.687813E-02 
-.0187757 
-3.398386E-02 
-2.435666E-02 
-1.925009E-02 
-8.143902E-03 
 5.405611E-02 
 6.027889E-02 
 4.152679E-02 
 2.260727E-02 
-2.555656E-02 
-6.755346E-02 
-4.151818E-02 
 4.441202E-03 
 2.874637E-02 
 3.948975E-02 
 3.773177E-02 
 1.211506E-02 
 5.892277E-03 
-4.037407E-02 
-3.777891E-02 
 1.364982E-02 
 2.269101E-02 
 1.956564E-02 
 3.770381E-02 
 .0175007 
-2.167779E-02 
-2.78616E-03 
 5.194604E-03 
-4.347152E-02 
-3.292346E-02 
-1.687813E-02 
 2.185386E-02 
 5.986035E-02 
 4.574043E-02 
 .0528841 
 1.889592E-02 
-.040988 
-8.306858E-02 
-3.939742E-02 
-2.583563E-02 
-5.269706E-03 
 2.631861E-02 
 2.358395E-02 
 3.971297E-02 
 .0357784 
-2.845868E-02 
-2.466363E-02 
-2.218008E-02 
-.0102368 
 1.208717E-02 
 3.189963E-02 
 1.699841E-02 
 8.710623E-03 
-2.335209E-02 
-6.038189E-02 
-.0204221 
 3.109038E-02 
 1.035702E-02 
 2.880216E-02 
 1.455367E-03 
-1.185524E-02 
-1.980817E-02 
-1.461786E-02 
 1.685888E-02 
 1.627284E-02 
 7.845581E-03 
 .0174728 
-2.550077E-02 
-3.733245E-02 
-2.354741E-02 
-2.131504E-02 
-8.060217E-03 
 2.294213E-02 
 1.356608E-02 
-1.224595E-02 
 1.320332E-02 
 9.352446E-03 
-2.50715E-03 
 1.973307E-02 
-1.768738E-02 
-3.035623E-02 
-1.768738E-02 
-4.316455E-02 
-9.846091E-03 
 1.437533E-02 
 2.125084E-03 
-8.785725E-03 
 2.623492E-02 
 9.324551E-03 
-1.297146E-02 
-1.922214E-02 
-3.024459E-02 
 1.281267E-02 
 2.779758E-02 
 3.224611E-05 
-9.723306E-04 
 1.155692E-02 
-1.330632E-02 
-3.906256E-02 
 3.799379E-03 
 2.400255E-02 
 3.217864E-02 
 .0260675 
-1.556665E-02 
 6.813109E-03 
-1.062745E-02 
-2.636582E-02 
-8.032322E-03 
 2.975094E-02 
 4.161054E-02 
 3.485751E-02 
 3.748059E-02 
 2.041399E-03 
-2.078485E-02 
-1.394814E-02 
-1.738042E-02 
-2.814054E-03 
 1.557523E-02 
 2.193755E-02 
 .0324856 
 1.281267E-02 
-4.421473E-04 
-4.851162E-03 
-3.400087E-03 
-7.770061E-04 
 3.198332E-02 
 4.043853E-02 
 1.808667E-02 
 2.132368E-02 
-3.043994E-02 
-5.999121E-02 
-2.039415E-02 
-3.688598E-02 
-2.862611E-02 
 2.020746E-02 
 5.065173E-02 
 .0378992 
 .0300858 
-.0178827 
-4.235533E-02 
-1.288778E-02 
-4.768515E-02 
-4.771307E-02 
-1.478529E-02 
-3.052366E-02 
-5.660355E-03 
 3.069973E-02 
 3.162056E-02 
 2.188176E-02 
 4.124779E-02 
-2.022672E-02 
-3.702548E-02 
-9.511232E-03 
-2.407762E-02 
-1.782691E-02 
 1.81812E-03 
 8.431613E-03 
 1.923078E-02 
 2.204919E-02 
 7.594466E-03 
 1.445907E-02 
 1.674724E-02 
-1.802224E-02 
-.0143109 
-2.981484E-03 
-2.589142E-02 
-2.060652E-03 
 1.644027E-02 
-1.390934E-03 
-5.855739E-03 
 1.208717E-02 
 1.150113E-02 
 9.715199E-03 
-5.883634E-03 
 7.985115E-03 
 2.104461E-02 
-3.344297E-03 
-2.220798E-02 
 7.90143E-03 
-9.622872E-03 
-7.05564E-03 
-1.654327E-02 
-1.704556E-02 
-2.897799E-03 
 1.200342E-02 
 2.333283E-02 
 2.350026E-02 
 3.273678E-02 
 4.357457E-03 
-1.087862E-02 
-.027482 
-.0291284 
 3.321117E-02 
 5.903244E-04 
-2.884936E-02 
 7.399142E-03 
 1.099885E-02 
-8.049011E-04 
 1.105464E-02 
 1.604962E-02 
-2.845868E-02 
-2.324045E-02 
-2.234751E-02 
 4.776061E-03 
 1.830995E-02 
 .0101338 
 2.375138E-02 
-4.823208E-03 
-2.469152E-02 
-1.774323E-02 
-4.293025E-03 
 1.557523E-02 
-7.418394E-03 
 1.830995E-02 
 1.384515E-02 
-5.660355E-03 
 1.454276E-02 
 1.041287E-02 
-2.650535E-02 
-.0211755 
-1.436669E-02 
-2.131504E-02 
-1.980817E-02 
-3.400087E-03 
-1.171577E-02 
 1.791924E-02 
 3.589004E-02 
 3.159267E-02 
 2.822697E-03 
-2.195686E-02 
-4.442027E-02 
-3.535119E-02 
-1.612473E-02 
-6.441712E-03 
 6.58989E-03 
 2.057022E-02 
 2.246773E-02 
 .0125894 
 9.251833E-04 
-1.171577E-02 
-3.348157E-02 
-2.670068E-02 
-1.13976E-03 
 4.205698E-02 
 3.759223E-02 
 1.43826E-04 
 6.003857E-03 
 3.513658E-02 
 4.152679E-02 
 .0118081 
-1.654327E-02 
-1.258081E-02 
-5.184299E-02 
-3.163984E-02 
 4.587996E-02 
 7.584983E-02 
 5.478162E-02 
 1.504505E-02 
 2.489549E-02 
 4.496992E-03 
-2.951908E-02 
-1.319468E-02 
-1.989186E-02 
 2.711117E-03 
 2.794802E-03 
 1.691467E-02 
 2.659768E-02 
 8.972883E-04 
 1.574266E-02 
 7.482827E-03 
 5.083025E-03 
 1.652402E-02 
-3.328624E-02 
-5.393586E-02 
-1.260871E-02 
 3.803867E-02 
 7.985115E-03 
 7.510722E-03 
-3.874481E-03 
-2.265447E-02 
-1.191109E-02 
-2.957487E-02 
 3.223449E-02 
 6.934798E-02 
-1.534337E-02 
-4.126704E-02 
-2.790058E-02 
-.0382812 
-5.491254E-02 
 3.045976E-03 
 5.603737E-02 
 7.850081E-02 
 5.642802E-02 
-3.376061E-02 
-5.915406E-02 
-5.209413E-02 
-4.670849E-02 
 4.050553E-03 
 3.446686E-02 
 2.615118E-02 
 2.601171E-02 
 9.743154E-03 
-4.059732E-02 
-2.307302E-02 
-2.538913E-02 
-4.330409E-02 
-5.79989E-03 
-1.781583E-03 
 1.761228E-02 
 2.520245E-02 
-8.841515E-03 
-2.706343E-02 
-3.359318E-02 
-4.492256E-02 
-5.521947E-02 
-.0472945 
-1.562244E-02 
 1.504505E-02 
 4.663342E-02 
 .0495913 
 2.087718E-02 
-2.262658E-02 
-3.878349E-02 
-.0690324 
-7.651094E-02 
-2.859822E-02 
 2.991837E-02 
 4.560095E-02 
 5.425143E-02 
 4.046643E-02 
-2.382648E-02 
-2.717507E-02 
-.0155108 
-1.632005E-02 
 1.808667E-02 
 1.155692E-02 
 8.096755E-03 
-7.11143E-03 
-.0102089 
 4.636526E-03 
 3.558308E-02 
 4.987037E-02 
 1.724952E-02 
 5.417883E-03 
-1.107395E-02 
-1.447833E-02 
-1.414347E-02 
-1.648748E-02 
 3.217864E-02 
 4.627067E-02 
 4.015946E-02 
 1.526827E-02 
 1.591009E-02 
 6.47825E-03 
-2.128714E-02 
-.0102368 
-1.782691E-02 
 .0142079 
 4.264301E-02 
 9.268761E-03 
 2.174222E-02 
 7.985115E-03 
 6.282926E-03 
 3.050435E-02 
 3.297091E-03 
-1.523179E-02 
-7.502079E-03 
 1.007801E-02 
-2.78616E-03 
 1.219875E-02 
 1.158488E-02 
 3.827274E-03 
 1.008868E-03 
-2.298933E-02 
-1.782691E-02 
-8.607507E-04 
-2.033836E-02 
-.0057441 
 2.570474E-02 
 .0378992 
 3.391504E-04 
 1.511157E-03 
-5.184299E-02 
-5.675426E-02 
-2.159411E-02 
 6.171286E-03 
 3.254145E-02 
 3.608537E-02 
 4.320109E-02 
 3.393668E-02 
 1.981682E-02 
-2.365905E-02 
-7.584122E-02 
-2.485895E-02 
 3.687739E-03 
-3.595412E-03 
 4.253137E-02 
 6.329262E-02 
 .0187006 
-1.182735E-02 
-2.589142E-02 
-4.495049E-02 
-7.892787E-03 
-1.096231E-02 
-3.305674E-04 
 2.366769E-02 
 .0284394 
 2.794802E-03 
 3.326696E-02 
 6.041843E-02 
 5.653965E-02 
-2.131504E-02 
-5.937731E-02 
-8.032322E-03 
 1.074773E-02 
-1.280403E-02 
 8.152544E-03 
 2.097189E-03 
-6.832361E-03 
-3.707051E-03 
 6.47825E-03 
-2.228081E-03 
 2.082139E-02 
-6.246388E-03 
-2.351952E-02 
-1.502573E-03 
-6.609142E-03 
-2.468228E-04 
 3.826195E-02 
-3.037333E-03 
-1.514804E-02 
 1.864481E-02 
-1.509225E-02 
-5.022451E-02 
 3.687739E-03 
-5.258918E-04 
-.0342629 
-7.139325E-03 
-2.173358E-02 
 2.683163E-03 
 .0459637 
 4.208493E-02 
 8.822262E-03 
 2.132368E-02 
 5.306244E-03 
-1.364118E-02 
 2.125084E-03 
-1.132506E-02 
-1.054376E-02 
 2.006793E-02 
-3.902376E-03 
-3.074688E-02 
-2.089643E-02 
-1.916635E-02 
-3.878349E-02 
 2.567685E-02 
 6.792486E-02 
 3.938913E-03 
 1.423579E-02 
 .0476101 
-6.748676E-03 
-3.236538E-02 
-4.003921E-02 
-3.063527E-02 
-4.986173E-02 
-3.688598E-02 
-2.692392E-02 
-1.927799E-02 
 1.987261E-02 
 1.295221E-02 
 7.936585E-02 
 .1207767 
 4.060596E-02 
-1.260871E-02 
-6.635353E-02 
-.1090201 
-.1610907 
-9.197024E-02 
 2.515733E-03 
 7.428718E-02 
 .140645 
 .0818494 
 1.404047E-02 
-2.725878E-02 
-.1094108 
-.1458825 
-6.414905E-02 
 1.052445E-02 
 .0716362 
 .1559927 
 .1459749 
 4.827976E-02 
-1.090652E-02 
-7.274377E-02 
-.1124524 
-.1032717 
-.0888449 
-.1351391 
-.1006766 
-1.177156E-02 
 .1467841 
 .2414654 
 .1995522 
 6.873411E-02 
-6.652096E-02 
-.1948835 
-.2803562 
-.1280513 
 7.649165E-02 
 .2531855 
 .2515112 
 .1437983 
-1.799434E-02 
-.2530094 
-.322102 
-.2096731 
-9.470493E-02 
 6.848294E-02 
 .1570531 
 .184958 
 .2551946 
 .3085488 
 .2117188 
 4.638225E-02 
-.1901118 
-.454706 
-.5233521 
-.3431981 
-3.959274E-02 
 .2868946 
 .4766479 
 .4420458 
 .3193759 
 7.914263E-02 
-.103467 
-.2728777 
-.3608339 
-.2518932 
-.1114758 
-1.464576E-02 
 4.297787E-02 
 9.689015E-02 
 .1962036 
 .1939992 
 .1520302 
 .1197163 
 4.881001E-02 
-.1392132 
-.3128375 
-.3025685 
-.2274485 
-1.991981E-02 
 .2659101 
 .3991839 
 .4359068 
 .1546533 
-.1978972 
-.2622738 
-7.815731E-02 
-4.006714E-02 
-.1100805 
-.1341066 
-.1068436 
 6.337637E-02 
 .1675453 
 .1337246 
 .2127513 
 .1863533 
 5.501568E-03 
-.1663647 
-.289509 
-.2200537 
-.1433153 
 3.095084E-02 
 .3112277 
 .4241867 
 .1714799 
-.1486451 
-.2795749 
-.1578816 
 7.925421E-02 
 .1066568 
-1.751995E-02 
 4.007578E-02 
-1.865327E-03 
-.1858423 
-7.670626E-02 
 .1836464 
 .2250294 
 .2282664 
 1.426369E-02 
-.1711923 
-.1435943 
-.1254003 
-.1432874 
-.0712648 
 .1157817 
 .1178188 
 .1251299 
 9.119755E-02 
 6.987816E-02 
 .1557695 
-9.484443E-02 
-.3660801 
-.3142886 
-7.623187E-02 
 6.181365E-02 
 .1665128 
 .3207153 
 .2582083 
 2.227241E-02 
-.2045665 
-.3284643 
-.16363 
-.1070389 
-.2180446 
-1.210642E-02 
 .265352 
 .2337636 
 .2084818 
 .1157817 
-.154254 
-.1614255 
-9.165406E-04 
 2.302587E-02 
 6.346005E-02 
-3.551862E-02 
-.2850443 
-.226723 
 4.534978E-02 
 .2054123 
 .2290756 
 .1935806 
 2.165854E-02 
-7.542264E-02 
-5.268013E-02 
-6.832361E-03 
 2.216083E-02 
-4.880136E-02 
-.1731456 
-.1992646 
-.0502803 
 .1589785 
 .1988546 
 .1929667 
 .1203023 
-4.269019E-02 
-.1822984 
-.2608228 
-.2104265 
 1.194763E-02 
 .184679 
 .1996918 
 8.988601E-02 
-1.576197E-02 
-4.296923E-02 
-8.904022E-02 
-4.255065E-02 
 2.824408E-02 
 5.586994E-02 
-6.121904E-02 
-.1491753 
-6.236315E-02 
 3.195542E-02 
 .115698 
 5.838138E-02 
 .1247671 
 .1716474 
 3.40873E-03 
-9.294692E-02 
-.1650253 
-.2249092 
-.1267118 
 .0118081 
 .1434355 
 .2177184 
 .2039613 
 7.504058E-02 
-2.594724E-02 
-.1185915 
-.148087 
-5.904245E-02 
-1.079488E-02 
-3.483772E-03 
 7.180363E-02 
 7.841706E-02 
 6.937587E-02 
 6.143391E-03 
-6.113532E-02 
-8.750546E-02 
-.1077923 
-.0871706 
 7.007354E-02 
 .1613783 
 5.458629E-02 
 1.099885E-02 
-5.918199E-02 
-9.805351E-02 
 1.099885E-02 
 6.599939E-02 
 5.213064E-02 
 1.032913E-02 
-.0308027 
-5.775884E-02 
 1.900756E-02 
 .0984807 
 1.315832E-03 
-3.150031E-02 
-5.145231E-02 
-.1280513 
-3.350946E-02 
 .1114007 
 7.358956E-02 
 4.925644E-02 
 3.396457E-02 
 3.025323E-02 
 2.793711E-02 
 9.910583E-03 
-9.783027E-02 
-.1505426 
-5.535901E-02 
-3.652319E-02 
 7.102227E-02 
 .1725961 
 .1636944 
 8.039832E-02 
-6.534895E-02 
-.1474731 
-.1560399 
-7.938513E-02 
-2.842009E-03 
 9.938478E-03 
 8.397013E-02 
 .1034199 
 9.250903E-02 
-2.318466E-02 
-6.691164E-02 
-5.647519E-02 
-8.111522E-02 
-9.749541E-02 
-5.932149E-02 
 6.059706E-03 
 5.464208E-02 
 5.388868E-02 
 4.331273E-02 
 2.807665E-02 
 4.677296E-02 
-.0256682 
-4.958269E-02 
-4.469934E-02 
-.1152708 
-6.554431E-02 
-2.586353E-02 
-1.433879E-02 
 8.656532E-02 
 .1279762 
 7.138503E-02 
-4.090428E-02 
-.1054762 
-.1108339 
-2.965859E-02 
 3.605747E-02 
 1.331496E-02 
 4.121983E-02 
 7.538617E-03 
 .0158264 
 1.663566E-02 
-2.215219E-02 
 6.394565E-03 
 .0842213 
 1.744485E-02 
-8.931926E-02 
-7.589701E-02 
-1.980817E-02 
-2.189279E-04 
 6.078118E-02 
 .1128517 
 .1382731 
 4.018736E-02 
-.0844638 
-7.455757E-02 
-5.203831E-02 
-2.033836E-02 
 6.281823E-02 
 7.512432E-02 
 3.097874E-02 
 1.044077E-02 
 1.783556E-02 
 2.171433E-02 
 2.617913E-02 
-3.169566E-02 
-5.189881E-02 
 4.580736E-03 
-.0440017 
-8.607507E-04 
 .114526 
 8.695596E-02 
 3.073871E-03 
-6.702325E-02 
-9.925342E-02 
-2.480313E-02 
 5.724847E-03 
 1.222664E-02 
 6.968284E-02 
 8.935583E-02 
-5.57667E-03 
-2.586353E-02 
-4.042989E-02 
-3.535119E-02 
 2.118415E-02 
-1.291567E-02 
 .0186727 
 .0610044 
-2.594724E-02 
-1.539922E-02 
 3.544354E-02 
 5.250454E-03 
-4.690382E-02 
 1.055235E-02 
 1.906335E-02 
 1.593798E-02 
 1.105464E-02 
-4.020664E-02 
-3.230956E-02 
-1.846874E-02 
-4.977801E-02 
-9.846091E-03 
 7.400811E-02 
 8.090061E-02 
 .104257 
 8.249122E-02 
-9.403521E-02 
-.1728386 
-.1562352 
-.0576193 
 8.385855E-02 
 .1773679 
 .146533 
 4.621482E-02 
-3.724873E-02 
-.1045833 
-7.508779E-02 
-.0166828 
-3.434661E-02 
-1.351833E-04 
 3.614116E-02 
 5.154467E-02 
 5.726516E-02 
 2.294213E-02 
 1.348239E-02 
 8.654833E-03 
-4.229951E-02 
-.054773 
-2.692392E-02 
 1.092613E-03 
-7.306755E-03 
 .018282 
 7.227802E-02 
 7.174784E-02 
-1.774323E-02 
-.1268793 
-8.415687E-02 
-4.478306E-02 
-3.376061E-02 
 6.996191E-02 
 .1161724 
 4.417777E-02 
-7.372043E-02 
-.1534726 
-.1077923 
-2.276611E-02 
 1.406837E-02 
 7.760787E-02 
 9.753191E-02 
 1.175231E-02 
-5.454975E-02 
-.040402 
-2.075696E-02 
-3.576976E-02 
 7.566571E-03 
-2.363113E-02 
-5.535901E-02 
-4.428077E-02 
-3.060737E-02 
-.0109902 
 8.180439E-03 
 4.331273E-02 
 1.200342E-02 
-4.986173E-02 
-7.042766E-02 
-2.379856E-02 
 7.894731E-02 
 4.928434E-02 
-6.999791E-03 
-4.871765E-02 
-8.549631E-02 
-8.284533E-02 
 1.833785E-02 
 .1230928 
 .1112611 
 6.853873E-02 
-.0176037 
-8.002692E-02 
-4.810372E-02 
-5.834484E-02 
-3.808588E-02 
 5.804652E-02 
 .1263298 
 .1179304 
 5.606526E-02 
 9.129226E-03 
-2.413341E-02 
-4.355523E-02 
-.1004533 
-5.323824E-02 
 4.124779E-02 
 4.080129E-02 
 4.540557E-02 
 9.496468E-02 
 9.223002E-02 
 4.819608E-02 
 5.389988E-03 
-2.859822E-02 
-7.394367E-02 
-.1017649 
-.1121734 
-4.305294E-02 
 .0528841 
 8.570027E-02 
 .1005736 
 9.345782E-02 
 1.973307E-02 
-5.736816E-02 
-8.013856E-02 
-6.258637E-02 
-5.728444E-02 
-1.350164E-02 
 7.336628E-02 
 8.863026E-02 
 4.908901E-02 
 1.236618E-02 
 4.032689E-02 
 1.775181E-02 
-.0387556 
-4.813164E-02 
-6.776571E-03 
 3.279257E-02 
 .0260675 
 3.237402E-02 
 7.919842E-02 
 6.150669E-02 
 2.495128E-02 
 4.245877E-03 
-1.111865E-03 
-.0411275 
-1.177156E-02 
 2.129573E-02 
 4.080129E-02 
 2.936029E-02 
-1.662701E-02 
-5.454975E-02 
-.0496664 
-1.976907E-03 
 3.142524E-02 
 2.771389E-02 
 6.338716E-03 
-3.166774E-02 
-3.660691E-02 
-.0478805 
-5.851227E-02 
-4.578763E-02 
-.0109902 
-.0604656 
-6.710696E-02 
 5.920172E-03 
 2.794802E-03 
-1.517594E-02 
 1.794714E-02 
 3.589004E-02 
 .0146544 
-7.613719E-03 
-2.198476E-02 
-2.388227E-02 
-4.795313E-03 
-4.511791E-02 
-1.207852E-02 
 8.369112E-02 
 4.303366E-02 
 1.091516E-02 
 4.692316E-03 
-.0382812 
-.0232684 
 1.052445E-02 
-1.433879E-02 
 .0158264 
 3.633648E-02 
 3.424364E-02 
 2.444899E-02 
-.0187757 
-6.799993E-02 
-8.750546E-02 
-9.330967E-02 
-3.281185E-02 
 4.855883E-02 
 6.965494E-02 
 1.847738E-02 
 3.687739E-03 
-1.578987E-02 
-6.054932E-02 
-7.561797E-02 
-3.986061E-03 
 2.902544E-02 
 2.193755E-02 
 1.680309E-02 
 2.104461E-02 
 8.599043E-03 
-1.111865E-03 
-5.213916E-03 
 3.388089E-02 
 .0496192 
 9.65941E-03 
-1.958495E-02 
 2.570474E-02 
-2.255976E-03 
-2.151036E-02 
-3.651202E-03 
 1.038492E-02 
-6.860316E-03 
-4.269019E-02 
-4.575971E-02 
 1.367772E-02 
 4.077339E-02 
 2.676511E-02 
 1.529622E-02 
 8.040905E-03 
-2.204055E-02 
-5.491254E-02 
-.0273425 
-8.897364E-03 
 2.193755E-02 
 4.889369E-02 
 4.847515E-02 
 3.837353E-02 
 1.451486E-02 
-2.971441E-02 
-5.242899E-02 
-.0324491 
-1.894313E-02 
 4.144311E-02 
 8.670485E-02 
 2.793711E-02 
 1.113838E-02 
 7.092178E-03 
 1.364982E-02 
-2.935165E-02 
-2.647743E-02 
-1.587355E-02 
-3.275603E-02 
-7.530034E-03 
-4.182512E-02 
 3.951764E-02 
 .1060988 
 6.248337E-02 
 5.975962E-03 
-1.729673E-02 
-5.120116E-02 
-6.878126E-02 
-1.648748E-02 
 .0590232 
 7.308728E-02 
 4.135936E-02 
-2.070111E-02 
-1.947331E-02 
 1.314753E-02 
 1.451486E-02 
 1.730537E-02 
 9.60362E-03 
-2.614257E-02 
-5.488461E-02 
-5.290338E-02 
-8.450866E-03 
 5.299574E-02 
 8.355159E-02 
 .0586046 
-7.250965E-03 
-.0519546 
-7.439014E-02 
-6.925565E-02 
-2.491477E-02 
 3.125781E-02 
 6.745046E-02 
 3.538775E-02 
 1.526827E-02 
-1.802224E-02 
-.040402 
-2.737039E-02 
-2.770525E-02 
 1.755649E-02 
 9.60362E-03 
-5.061516E-02 
-2.190101E-02 
-7.446289E-03 
 3.828984E-02 
 .018282 
 2.721161E-02 
 .0358063 
-.0199756 
-6.727439E-02 
-8.803564E-02 
-3.727663E-02 
 .013008 
 4.127568E-02 
 .0512377 
 2.598375E-02 
-6.637037E-03 
-6.515363E-02 
-3.914627E-02 
 1.984471E-02 
 .0113337 
-1.093441E-02 
 1.87397E-03 
 2.627373E-03 
 2.592796E-02 
 2.115625E-02 
-3.295138E-02 
-5.667055E-02 
-6.543267E-02 
-2.337998E-02 
 3.452265E-02 
 5.157256E-02 
 .0675621 
 4.214072E-02 
-3.283975E-02 
-8.507773E-02 
-5.787045E-02 
-.0376952 
-1.919425E-02 
 1.493341E-02 
 4.331273E-02 
 7.333839E-02 
 2.581632E-02 
 .0146265 
 6.450355E-03 
-.0553869 
-7.893863E-02 
-.0342629 
 2.698833E-02 
 3.563887E-02 
 5.863249E-02 
 6.454837E-02 
 5.478162E-02 
 2.082139E-02 
-.0667721 
-3.230956E-02 
-1.167715E-03 
 8.414388E-04 
 3.948975E-02 
 8.120757E-02 
 7.130134E-02 
 1.222664E-02 
-3.136081E-02 
-6.967422E-02 
-1.537126E-02 
 1.959354E-02 
 2.029115E-02 
 4.172212E-02 
 4.417777E-02 
 1.074773E-02 
-1.341796E-02 
-2.067322E-02 
-3.685805E-02 
-9.818196E-03 
-1.056075E-03 
-3.660691E-02 
 4.113615E-02 
 5.542344E-02 
 3.226238E-02 
-3.065228E-03 
-3.716502E-02 
-6.375837E-02 
-5.039194E-02 
-8.785725E-03 
 2.947187E-02 
 8.313304E-02 
 7.010144E-02 
-2.311766E-03 
-2.770525E-02 
-6.760925E-02 
-7.369253E-02 
 5.724847E-03 
 2.004004E-02 
 2.617913E-02 
 2.955562E-02 
 2.051443E-02 
 2.637446E-02 
 1.87397E-03 
 1.959354E-02 
 3.269196E-03 
-3.856027E-02 
-5.315453E-02 
-4.757354E-02 
-4.432559E-03 
 1.244992E-02 
 .0174728 
 3.692251E-02 
 5.712563E-02 
 4.172212E-02 
-2.081275E-02 
-3.306299E-02 
-3.920206E-02 
-4.168561E-02 
-1.481318E-02 
 3.979671E-02 
 5.603737E-02 
 3.695041E-02 
 1.710999E-02 
-2.254283E-02 
 2.571583E-03 
-6.553352E-03 
-.0325886 
-4.461563E-02 
-2.519381E-02 
 6.282926E-03 
 6.031752E-03 
 1.998425E-02 
 2.193755E-02 
 2.341652E-02 
 2.470016E-02 
-2.524963E-02 
-2.898887E-02 
-1.735252E-02 
-4.185304E-02 
-4.651314E-02 
-1.871985E-02 
-2.446827E-02 
-2.670068E-02 
 1.734436E-03 
 2.776968E-02 
 3.226238E-02 
 2.171433E-02 
-2.594724E-02 
-.0688929 
-4.774097E-02 
 5.780637E-03 
 3.321117E-02 
 5.628848E-02 
 2.961141E-02 
-.0256682 
-4.654106E-02 
-6.886497E-02 
-5.047566E-02 
 9.157121E-03 
 9.938478E-03 
 4.560095E-02 
 .0647437 
 3.548265E-03 
-.0143109 
-1.411557E-02 
-5.078259E-02 
-4.031828E-02 
 2.543688E-03 
-.0187757 
 4.803956E-03 
 3.385293E-02 
 2.863473E-02 
 5.372125E-02 
 4.306155E-02 
-.0439738 
-7.210195E-02 
-7.528311E-02 
-3.973228E-02 
 3.388089E-02 
 6.491113E-02 
 5.026102E-02 
 6.530178E-02 
 2.550942E-02 
-1.841295E-02 
-5.820531E-02 
-6.998119E-02 
-3.881142E-02 
 1.260042E-03 
 2.712786E-02 
 7.305932E-02 
 4.470795E-02 
-6.497502E-03 
-2.56294E-03 
-1.446724E-03 
-2.702475E-03 
-6.664932E-03 
-5.258918E-04 
-1.279294E-03 
 4.158264E-02 
 .0552839 
 1.794714E-02 
 2.459943E-03 
-5.217785E-02 
-7.427853E-02 
-5.855739E-03 
 5.280036E-02 
 .0716083 
 .0341599 
 1.803088E-02 
 8.040905E-03 
-1.394814E-02 
-1.805013E-02 
-2.965859E-02 
-7.781148E-03 
 4.106343E-03 
-1.598519E-02 
 3.436625E-03 
 3.569466E-02 
 1.758438E-02 
-1.542711E-02 
-3.451404E-02 
-2.519381E-02 
-2.276611E-02 
-3.253281E-02 
 3.771484E-03 
 5.852091E-02 
 6.555295E-02 
 3.966808E-03 
-3.909045E-02 
-6.428859E-02 
-6.071675E-02 
-1.662701E-02 
 1.055235E-02 
 6.058586E-02 
 8.486313E-02 
 1.875639E-02 
-1.570612E-02 
-5.307081E-02 
-3.853235E-02 
-7.362604E-03 
 1.247782E-02 
 3.220659E-02 
 6.337637E-02 
 .0447917 
 6.740093E-04 
-1.149249E-02 
-2.873772E-02 
-2.192897E-02 
-6.525457E-03 
-7.836938E-03 
 1.797509E-02 
 3.840148E-02 
-1.567823E-02 
-5.102277E-03 
 7.315397E-03 
-3.950903E-02 
-2.594724E-02 
 2.599478E-03 
 1.755649E-02 
 4.155469E-02 
 1.644027E-02 
-1.087862E-02 
-2.731457E-02 
-2.865401E-02 
-5.245689E-02 
-.0138644 
 5.903244E-04 
 6.58989E-03 
 .0569582 
 4.825187E-02 
 3.438318E-02 
 5.780637E-03 
-4.810372E-02 
-7.045555E-02 
-4.227161E-02 
 7.577538E-04 
 2.271891E-02 
 3.033692E-02 
 4.615903E-02 
 3.376925E-02 
-4.711628E-03 
-3.749987E-02 
-4.255065E-02 
-4.394591E-02 
 1.423579E-02 
 3.262514E-02 
 3.547144E-02 
 3.957349E-02 
 3.548265E-03 
-2.790058E-02 
-2.614257E-02 
 2.376258E-03 
 .0122546 
 4.217982E-03 
-1.908267E-02 
-3.660691E-02 
 2.218872E-02 
 3.736895E-02 
 2.715576E-02 
 .0455451 
 9.185016E-03 
-5.778673E-02 
-6.088418E-02 
-4.020664E-02 
 4.692316E-03 
 3.957349E-02 
 6.092072E-02 
 2.029115E-02 
-2.776107E-02 
-5.175927E-02 
-4.475513E-02 
 .0142079 
 3.089505E-02 
 2.927655E-02 
 1.161277E-02 
-9.064794E-03 
-3.037333E-03 
-2.667278E-02 
-1.860827E-02 
 1.399577E-03 
 1.515669E-02 
-3.958166E-03 
-3.342575E-02 
-8.607507E-04 
 4.469097E-03 
 1.741695E-02 
 2.065396E-02 
 1.632869E-02 
 1.431954E-02 
-3.144452E-02 
-.0576193 
-7.139325E-03 
 .0435918 
 .0317601 
 2.645814E-02 
 4.664421E-03 
-.0273425 
-4.330409E-02 
-2.605885E-02 
 .0248397 
