 100 
 100 
 101.1 
 103.4 
 105.7 
 108.6 
 110.4 
 111.1 
 110.9 
 112.9 
 118.5 
 126.1 
 136.7 
 147 
 161.4 
 172.1 
 177.3 
 188.5 
 196.6 
 196.1 
 197.4 
 196.2 
 186.7 
 174.9 
 187 
 189.1 
 191.1 
 193.3 
 199 
 206.8 
 215.5 
 228.9 
 233.7 
 235.1 
 233 
 229.5 
 227.3 
 226.4 
 221.7 
 219.1 
 220.6 
 229.2 
 239.4 
 243.2 
 245 
 244.7 
 243.8 
 242.2 
 239.9 
 240.4 
 245.6 
 249.5 
 254.5 
 258.9 
 261.2 
 260.5 
 259.6 
 257.5 
 256.3 
 255.8 
 255.1 
 252.8 
 252 
 253 
 255.5 
 260.5 
 266.4 
 271.3 
 275.1 
 278.1 
 277.5 
 282.7 
 287 
 292.3 
 299.9 
 313 
 331.6 
 349.3 
 371 
 397.7 
 422.1 
 439.2 
 488.3 
 459.6 
 481.1 
 517.5 
 560.4 
 585.4 
 595.5 
 598.6 
 601.1 
 602.9 
 599.6 
 591.5 
 590.8 
 596.1 
 607.5 
 632.9 
 683.2 
 694.7 
 690.4 
 685.6 
 677.4 
 668.4 
 666.4 
 666.1 
 661.7 
 657.7 
 651.7 
 642.3 
 621.1 
 578.6 
 555.7 
 582.7 
 628.8 
 636.3 
 628.4 
 617.2 
 611 
 600.7 
 576 
 551.4 
 533.5 
 515.3 
 537.2 
 559.5 
 566.6 
 571.2 
 566.3 
 559.2 
 548.2 
 535.8 
 518.3 
 512.4001 
 517.9001 
 520.5 
 532.6 
 531 
 520.9001 
 504.6 
 500.3 
 509.8 
 511.3 
 502 
 480.5 
 458.4 
 467.2 
 493.9 
 522.5 
 533.7 
 539.3 
 526.7 
 513.6 
 506.1 
 520.1 
 523 
 486.5 
 427.7 
 327.8 
 310.4 
 348.4 
 361.4 
 286.6 
 282.5 
 311.9 
 284.5 
 283.9 
 289.1 
 320.5 
 340.4 
 341 
 359.1 
 364.5 
 375.8 
 386.4 
 401.3 
 379.3 
 374.4 
 379.3 
 352.4 
