1056.50
1063.20
1067.10
1080.00
1086.80
1106.10
1116.31
1125.50
1112.41
1105.89
1114.30
1103.30
1148.20
1181.00
1225.30
1260.21
1286.60
1320.40
1349.80
1355.99
1369.20
1365.90
1378.20
1406.80
1431.40
1444.91
1438.20
1426.60
1406.80
1401.19
1418.00
1438.79
1469.61
1485.70
1505.50
1518.70
1515.70
1522.59
1523.70
1540.60
1553.30
1552.40
1561.50
1537.30
1506.10
1514.20
1550.00
1586.70
1606.40
1637.00
1629.50
1643.40
1671.61
1666.80
1668.40
1654.10
1671.30
1692.11
1716.31
1754.90
1777.90
1796.40
1813.09
1810.10
1834.60
1860.00
1892.49
1906.09
1948.70
1965.40
1985.19
1993.71
2036.89
2066.39
2099.30
2147.61
2190.09
2195.80
2218.31
2229.20
2241.79
2255.19
2287.69
2300.61
2327.29
2366.91
2385.30
2383.01
2416.51
2419.80
2433.19
2423.50
2408.60
2406.50
2435.80
2413.81
2478.60
2478.40
2491.10
2491.00
2545.60
2595.10
2622.10
2671.30
2734.00
2741.01
2738.29
2762.80
2747.40
2755.21
2719.30
2695.39
2642.71
2669.59
2714.90
2752.71
2804.39
2816.89
2828.61
2856.81
2896.01
2942.69
3001.81
2994.10
3020.51
3115.89
3142.61
3181.60
3181.70
3178.71
3207.41
3201.29
3233.40
3157.01
3159.09
3199.21
3261.10
3250.19
3264.59
3219.01
3170.39
3179.88
3154.51
3159.31
3186.60
3258.30
3306.38
3365.09
3451.69
3498.01
3520.61
3535.22
3577.50
3599.21
3635.78
3662.39
3721.12
3704.60
3712.39
3733.61
3781.21
3820.28
3858.91
3920.72
3970.19
4005.81
4032.09
4059.32
4095.69
4112.19
4129.70
4133.21
4150.61
4155.09
4169.99
4153.39
4126.48
