 2.332 
 1.887 
 2.079 
 1.82 
 1.82 
 1.529 
 1.644 
 1.699 
 2 
 2.415 
 2.602 
 2.716 
 2.799 
 2.986 
 2.881 
 2.672 
 3.13 
 3.025 
 3.111 
 3.079 
 3.116 
 3.19 
 3.176 
 3.255 
 3.491 
 3.407 
 3.297 
 3.477 
 3.568 
 3.481 
 3.653 
 3.568 
 3.562 
 3.826 
 3.851 
 3.909 
 0 
 3.903 
 3.903 
 0 
 4.025 
 0 
 4.053 
 0 
 0 
 3.961 
 0 
 3.803 
 0 
 3.556 
 0 
 0 
 3.484 
 0 
 0 
 0 
 3.25 
 0 
 0 
 3.176 
 0 
 0 
 0 
 3.362 
 0 
 0 
 3.532 
 0 
 0 
 0 
 3.672 
 0 
 0 
 3.857 
 0 
 0 
 0 
 3.653 
 0 
 0 
 3.568 
 0 
 0 
 0 
 3.74 
 0 
 0 
 3.58 
 0 
 0 
 0 
 4.47 
 4.334 
 4.093 
 4.602 
 4.41 
 4.322 
 4.491 
 4.538 
 4.474 
 4.1 
 4.474 
 3.919 
 4.157 
 4.041 
 4.127 
 4.127 
 4.597 
 4.157 
 4.568 
 4.577 
 4.76 
 4.54 
 4.736 
 4.854 
 4.903 
 4.929 
 4.884 
 4.973 
 4.945 
 5.211 
 5.291 
 5.174 
 5.183 
 5.049 
 5.23 
 5.303 
 0 
 5.218 
 5.218 
 0 
 5.267 
 0 
 5.301 
 0 
 0 
 5.376 
 0 
 5.243 
 0 
 5.134 
 0 
 0 
 5.1 
 0 
 0 
 0 
 5.161 
 0 
 0 
 5.211 
 0 
 0 
 0 
 5.085 
 0 
 0 
 5.218 
 0 
 0 
 0 
 5.338 
 0 
 0 
 5.312 
 0 
 0 
 0 
 5.279 
 0 
 0 
 5.362 
 0 
 0 
 0 
 5.258 
 0 
 0 
 5.186 
 0 
 0 
 0 
 30 
 30 
 28.5 
 34.5 
 34 
 32 
 30.5 
 31 
 33 
 34 
 31.5 
 27.5 
 30 
 31.5 
 33 
 32 
 33 
 33 
 33 
 33 
 36.5 
 32.5 
 31.5 
 31.5 
 29.5 
 22.5 
 28 
 31 
 30.5 
 31.5 
 31 
 31 
 31.5 
 31 
 31.5 
 32 
 0 
 30 
 30 
 0 
 28.5 
 0 
 27 
 0 
 0 
 28.5 
 0 
 27 
 0 
 31 
 0 
 0 
 29.5 
 0 
 0 
 0 
 27 
 0 
 0 
 28.5 
 0 
 0 
 0 
 35 
 0 
 0 
 34.5 
 0 
 0 
 0 
 35 
 0 
 0 
 31.5 
 0 
 0 
 0 
 30 
 0 
 0 
 27.5 
 0 
 0 
 0 
 35 
 0 
 0 
 33 
 0 
 0 
 0
