 10.01 
 10.07 
 10.32 
 9.75 
 10.33 
 10.13 
 10.36 
 10.32 
 10.13 
 10.16 
 10.58 
 10.62 
 10.86 
 11.2 
 10.74 
 10.56 
 10.48 
 10.77 
 11.33 
 10.96 
 11.16 
 11.7 
 11.39 
 11.42 
 11.94 
 11.24 
 11.59 
 10.96 
 11.4 
 11.02 
 11.01 
 11.23 
 11.33 
 10.83 
 10.84 
 11.14 
 10.38 
 10.9 
 11.05 
 11.11 
 11.01 
 11.22 
 11.21 
 11.91 
 11.69 
 10.93 
 10.99 
 11.01 
 10.84 
 10.76 
 10.77 
 10.88 
 10.49 
 10.5 
 11 
 10.98 
 10.61 
 10.48 
 10.53 
 11.07 
 10.61 
 10.86 
 10.34 
 10.78 
 10.8 
 10.33 
 10.44 
 10.5 
 10.75 
 10.4 
 10.4 
 10.34 
 10.55 
 10.46 
 10.82 
 10.91 
 10.87 
 10.67 
 11.11 
 10.88 
 11.28 
 11.27 
 11.44 
 11.52 
 12.1 
 11.83 
 12.62 
 12.41 
 12.43 
 12.73 
 13.01 
 12.74 
 12.73 
 12.76 
 12.92 
 12.64 
 12.79 
 13.05 
 12.69 
 13.01 
 12.9 
 13.12 
 12.47 
 12.47 
 12.94 
 13.1 
 12.91 
 13.39 
 13.13 
 13.34 
 13.34 
 13.14 
 13.49 
 13.87 
 13.39 
 13.59 
 13.27 
 13.7 
 13.2 
 13.32 
 13.15 
 13.3 
 12.94 
 13.29 
 13.26 
 13.08 
 13.24 
 13.31 
 13.52 
 13.02 
 13.25 
 13.12 
 13.26 
 13.11 
 13.3 
 13.06 
 13.32 
 13.1 
 13.27 
 13.64 
 13.58 
 13.87 
 13.53 
 13.41 
 13.25 
 13.5 
 13.58 
 13.51 
 13.77 
 13.4 
