 100 
 100 
 100.174 
 102.092 
 106.364 
 109.242 
 109.677 
 109.677 
 116.216 
 116.216 
 121.447 
 127.463 
 155.536 
 175.85 
 175.85 
 175.85 
 175.85 
 175.85 
 195.641 
 196.338 
 196.513 
 205.929 
 201.395 
 194.42 
 194.507 
 199.303 
 200.697 
 202.441 
 204.185 
 223.191 
 218.309 
 223.278 
 223.278 
 224.76 
 227.55 
 228.945 
 229.555 
 211.247 
 211.421 
 213.601 
 214.473 
 216.303 
 221.709 
 221.709 
 221.709 
 230.514 
 230.514 
 230.514 
 229.207 
 239.058 
 235.397 
 236.269 
 236.269 
 236.966 
 236.094 
 238.274 
 240.715 
 242.895 
 246.643 
 251.177 
 251.787 
 252.572 
 255.798 
 256.582 
 257.629 
 260.593 
 263.208 
 263.906 
 266.521 
 268.091 
 270.706 
 272.363 
 275.85 
 280.994 
 282.65 
 284.394 
 292.677 
 310.724 
 323.104 
 336.269 
 368.003 
 380.732 
 392.677 
 410.462 
 447.777 
 449.085 
 455.798 
 465.475 
 470.881 
 478.64 
 480.732 
 494.159 
 498.082 
 505.318 
 523.627 
 551.7 
 614.124 
 734.699 
 734.786 
 734.525 
 732.258 
 711.334 
 696.513 
 694.682 
 694.682 
 687.174 
 685.179 
 686.312 
 686.312 
 671.578 
 649.346 
 625.894 
 625.806 
 626.155 
 626.33 
 626.33 
 626.678 
 641.064 
 640.017 
 628.073 
 627.463 
 604.098 
 591.107 
 591.107 
 591.107 
 591.02 
 589.102 
 588.579 
 589.102 
 589.102 
 589.015 
 587.969 
 589.015 
 589.015 
 589.015 
 587.533 
 587.533 
 587.01 
 586.399 
 585.092 
 584.656 
 583.958 
 571.752 
 566.173 
 550.305 
 536.268 
 536.617 
 538.448 
 541.325 
 540.628 
 539.582 
 535.397 
 536.617 
 539.233 
 541.761 
 544.289 
 538.884 
 426.33 
 307.847 
 262.162 
 255.449 
 262.249 
 237.663 
 228.335 
 270.881 
 268.788 
 267.916 
 268.788 
 322.232 
 334.961 
 334.263 
 340.279 
 349.956 
 360.854 
 381.604 
 390.671 
 369.573 
 363.819 
 361.901 
 345.859 
