 5.98 
 6.54 
 6.78 
 6.34 
 6.96 
 6.51 
 6.72 
 7.44 
 7.74 
 6.85 
 6.83 
 7.39 
 6.48 
 6.94 
 5.89 
 6.49 
 6.57 
 5.88 
 5.46 
 6.32 
 6.96 
 5.91 
 6.79 
 7.28 
 7 
 7.27 
 7.34 
 6.9 
 7.21 
 7.51 
 6.73 
 6.81 
 6.2 
 6.59 
 6.69 
 5.65 
 6.51 
 5.75 
 7.34 
 6.79 
 6.6 
 7.47 
 7.03 
 6.66 
 7.02 
 6.53 
 7.36 
 6.6 
 6.18 
 6.8 
 6.33 
 6.62 
 5.97 
 5.51 
 5.87 
 5.25 
 6.28 
 6.3 
 6.81 
 6.97 
 6.24 
 7.39 
 6.98 
 7.08 
 6 
 6 
 6 
 3 
 3 
 3 
 4 
 4 
 4 
 1.5 
 1.5 
 1.5 
 4.5 
 4.5 
 4.5 
 9 
 9 
 9 
 6 
 6 
 6 
 3 
 3 
 3 
 4 
 4 
 4 
 1.5 
 1.5 
 1.5 
 4.5 
 4.5 
 4.5 
 9 
 9 
 9 
 6 
 6 
 6 
 3 
 3 
 3 
 4 
 4 
 4 
 1.5 
 1.5 
 1.5 
 4.5 
 4.5 
 4.5 
 9 
 9 
 9 
 6 
 6 
 6 
 3 
 3 
 3 
 4 
 4 
 4 
 1.5 
