 3.37 
 2.59 
 3.29 
 3.04 
 3.39 
 2.57 
 2.35 
 3.38 
 1.5 
 2.56 
 3.04 
 2.64 
 5.14 
 2.87 
 3.54 
 2.67 
 1.55 
 2.93 
 3.64 
 5.91 
 3.69 
 4.3 
 3.97 
 4.98 
 5.64 
 3.99 
 4.2 
 4.48 
 3.96 
 3.65 
 4.91 
 4.26 
 4.02 
 2.95 
 3.73 
 2.02 
 4.98 
 3.05 
 3.73 
 3.53 
 2.24 
 3.03 
 2.81 
 2 
 2.27 
 2.9 
 3.31 
 3.44 
 3.13 
 4.42 
 3.6 
 4.86 
 1.79 
 2.95 
 3.64 
 2.79 
 3.77 
 3.25 
 4.78 
 3.37 
 2.24 
 2 
 2.78 
 2.38 
 3.27 
 2.82 
 2.23 
 1.95 
 2.57 
 4.94 
 3.45 
 2.83 
 4.75 
 3.49 
 3.84 
 4.08 
 6.49 
 4.05 
 3.12 
 4.83 
 3.35 
 6.53 
 3.1 
 3.53 
 2.34 
 6.57 
 4.07 
 3.62 
 1.92 
 6.04 
 3.92 
 3.11 
 3.77 
 3.05 
 2.84 
 4.19 
 1.93 
 3.36 
 5.92 
 5.49 
 4.97 
 2.53 
 3.98 
 3.15 
 5.44 
 4.92 
 4.9 
 4.82 
 4.48 
 3.89 
 3.75 
 4.02 
 2.78 
 2.64 
 4.97 
 2.46 
 4.57 
 1.97 
 2.49 
 3.49 
 2.53 
 3.32 
 2.26 
 4.78 
 5.33 
 3.46 
 2.85 
 5.08 
 3.65 
 2.86 
 2.75 
 3.05 
 3.15 
 2.44 
 3.87 
 2.59 
 3.72 
 2.67 
 1.98 
 4.3 
 2.95 
 3.96 
 2.82 
 2.66 
 3.22 
 3.6 
 1.92 
 3.05 
 3.32 
 3.42 
 2.24 
 3.51 
 1.93 
 2.97 
 2.02 
 2.2 
 2.73 
 2.14 
 2.11 
 1.79 
 2.43 
 2.08 
 2.25 
 2.16 
 3.28 
 2.22 
 3.06 
 2.41 
 3.41 
 2.43 
 3.76 
 2.48 
 4.27 
 1.7 
 4.72 
 4.93 
 4.57 
 3.2 
 4.24 
 4.73 
 4.1 
 3.75 
 5.91 
 3.85 
 2.78 
 2.6 
 3.23 
 4.05 
 3.95 
 3.46 
 4.43 
 3.85 
 4.01 
 2.93 
 5.65 
 1.86 
 2.92 
 3.44 
 3.3 
 3.64 
 3.1 
 2.25 
 1.1 
 2.39 
 2.76 
 3.26 
 3.26 
 2.79 
 3.2 
 2.15 
 2.71 
 2 
 3.7 
 1.51 
 2.24 
 1.94 
 2.3 
 2.49 
 2.48 
 2.2 
 2.26 
 1.85 
 2.76 
 2.26 
 2.57 
 2.55 
 4.26 
 3.84 
 1.79 
 2.55 
 3.02 
 2.53 
 2.49 
 1.86 
 2.22 
 2.9 
 3.39 
 3.83 
 2.7 
 4.59 
 2.49 
 2.33 
 2.46 
 3.9 
 1.97 
 2.44 
 2.47 
 3.75 
 3.46 
 4.54 
 2.89 
 3.68 
 4.21 
 1.81 
 3.18 
 2.76 
 4.66 
 4.65 
 1.85 
 3.22 
 2.8 
 2.43 
 6.06 
 1.85 
 2.16 
 2.7 
 2.05 
 2 
 1.5 
 2.72 
 2.19 
 2.51 
 3.09 
 2.15 
 2.45 
 2.68 
 2.28 
 2.35 
 1.73 
 3.27 
 2.39 
 3.43 
 1.88 
 3.34 
 2.76 
 4.28 
 2.41 
 2.88 
 3.06 
 4.01 
 2.23 
 3.52 
 3.13 
 3.86 
 1.72 
 2.76 
 1.77 
 3.88 
 3.65 
 3.64 
 3.18 
 2.3 
 4.12 
 2.75 
 4.6 
 3.13 
 2.48 
 3.62 
 3.5 
 2.76 
 4.33 
 1.2 
 1.9 
 1.74 
 2.81 
 1.4 
 2.91 
 3.77 
 1.86 
 1.78 
 1.39 
 1.51 
 1.52 
 2.89 
 1.54 
 3.55 
 1.19 
 1.74 
 1.57 
 1.63 
 2.29 
 3.61 
 2.35 
 3.1 
 1.27 
 3.02 
 1.95 
 2.16 
 2.04 
 1.69 
 3.61 
 2.85 
 1.68 
 1.73 
 1.56 
 1.49 
 2.92 
 2.43 
 1.45 
 2.75 
 3 
 2.51 
 3.6 
 2.78 
 3 
 3.13 
 2.91 
 2.72 
 2.42 
 1.67 
 2.81 
 3.52 
 2.63 
 3.33 
 3.73 
 4.07 
 1.07 
 1.85 
 2.12 
 2.03 
 1.6 
 1.69 
 2.77 
 2.43 
 3.78 
 2.33 
 1.46 
 1.26 
 2.43 
 1.92 
 4.19 
 1.69 
 2.21 
 3.24 
 2.75 
 3.03 
 3.18 
 3.13 
 3.56 
 2.78 
 3.27 
 2.76 
 2.27 
 2.18 
 3.48 
 1.36 
 2.29 
 2.35 
 2.92 
 3.24 
 2.24 
 2.94 
 1.91 
 3.14 
 2.94 
 2.19 
 4.51 
 4.16 
 2.87 
 1.12 
 1.67 
 1.29 
 1.54 
 1.76 
 3.03 
 2.29 
 1.17 
 1.75 
 2.36 
 1.12 
 1.86 
 2 
 2.22 
 1.84 
 2.09 
 1.91 
 2.51 
 2.09 
 2.1 
 3.28 
 2.53 
 2.38 
 1.79 
 2.69 
 2.21 
 2.64 
 1.85 
 2.07 
 3.34 
 2.83 
 2.43 
 2.44 
 1.42 
 2.47 
 2.09 
 2.99 
 1.58 
 1.52 
 1.78 
 3.19 
 1.76 
 3.22 
 1.66 
 2.26 
 2.43 
 1.86 
 2.39 
 1.25 
 2.53 
 1.74 
 2.36 
 3.13 
 2.39 
 1.89 
 1.59 
 1.42 
 1.65 
 1.12 
 4.03 
 1.53 
 1.41 
 1.48 
 2.31 
 1.24 
 1.38 
 1.33 
 1.42 
 1.56 
 1.93 
 1.51 
 1.16 
 1.39 
 1.62 
 1.29 
 .86 
 1.59 
 1.9 
 1.6 
 2.01 
 1.79 
 1.9 
 2.08 
 2.28 
 2.23 
 2.31 
 1.5 
 2.31 
 1.65 
 2.55 
 2.83 
 2.05 
 1.57 
 2.28 
 1.72 
 1.49 
 1.89 
 1.63 
 1.58 
