 1814 
 1556 
 1442 
 1416 
 1352 
 1154 
 974 
 962 
 1040 
 1205 
 1324 
 1287 
 1095 
 840 
 725 
 854 
 1176 
 1670 
 2528 
 3870 
 4095 
 4095 
 4095 
 3934 
 3151 
 2334 
 1664 
 1044 
 474 
 175 
 151 
 339 
 702 
 1224 
 1866 
 2545 
 2970 
 2945 
 2648 
 2354 
 2105 
 1865 
 1734 
 1665 
 1590 
 1604 
 1708 
 1870 
 2082 
 2349 
 2583 
 2769 
 2894 
 2858 
 2723 
 2611 
 2530 
 2452 
 2346 
 2212 
 2084 
 2002 
 2104 
 2331 
 2646 
 2916 
 3060 
 2872 
 2440 
 2254 
 2294 
 2486 
 2588 
 2566 
 2360 
 2144 
 2030 
 2039 
 2201 
 2486 
 2688 
 2487 
 2109 
 1820 
 1707 
 1775 
 2014 
 2343 
 2422 
 2181 
 1876 
 1675 
 1634 
 1742 
 1856 
 1883 
 1776 
 1646 
 1619 
 1727 
 1952 
 2189 
 2304 
 2199 
 1951 
 1687 
 1489 
 1346 
 1315 
 1414 
 1508 
 1464 
 1498 
 1566 
 1481 
 1285 
 1116 
 944 
 946 
 1199 
 1630 
 2201 
 3059 
 4062 
 4095 
 4094 
 3593 
 2941 
 2245 
 1702 
 1220 
 783 
 578 
 563 
 665 
 933 
 1463 
 2110 
 2650 
 3000 
 3045 
 2763 
 2372 
 2062 
 1802 
 1594 
 1467 
 1389 
 1354 
 1391 
 1532 
 1777 
 2068 
 2360 
 2645 
 2790 
 2752 
 2625 
 2494 
 2357 
 2225 
 2091 
 1981 
 1915 
 1828 
 1800 
 1901 
 2068 
 2333 
 2672 
 2963 
 2927 
 2637 
 2296 
 2086 
 2164 
 2335 
 2413 
 2345 
 2251 
 2120 
 2026 
 2088 
 2251 
 2494 
 2603 
 2445 
 2138 
 1919 
 1893 
 1972 
 2174 
 2459 
 2499 
 2265 
 1922 
 1661 
 1574 
 1660 
 1833 
 1922 
 1931 
 1886 
 1878 
 1957 
 2112 
 2256 
 2213 
 2061 
 1845 
 1678 
 1532 
 1413 
 1349 
 1433 
 1586 
 1694 
 1724 
 1639 
 1409 
 1170 
 985 
 921 
 1163 
 1665 
 2335 
 3182 
 4095 
 4095 
 3992 
 3417 
 2713 
 2083 
 1671 
 1274 
 810 
 524 
 436 
 550 
 832 
 1367 
 2117 
 2693 
 2894 
 2887 
 2653 
 2379 
 2178 
 1999 
 1835 
 1683 
 1540 
 1477 
 1524 
 1681 
 1915 
 2231 
 2511 
 2675 
 2722 
 2687 
 2620 
 2550 
 2514 
 2426 
 2281 
 2161 
 2084 
 2066 
 2095 
 2145 
 2205 
 2217 
 2267 
 2375 
 2594 
 2771 
 2892 
 2918 
 2620 
 2236 
 2016 
 1985 
 2048 
 2134 
 2186 
 2141 
 2105 
 2079 
 2108 
 2211 
 2349 
 2430 
 2332 
 2131 
 1946 
 1858 
 1847 
 1913 
 2028 
 2048 
 1942 
 1807 
 1736 
 1751 
 1824 
 1899 
 1977 
 1989 
 2027 
 2157 
 2265 
 2279 
 2194 
 2047 
 1821 
 1644 
 1519 
 1403 
 1355 
 1473 
 1596 
 1622 
 1568 
 1512 
 1407 
 1327 
 1198 
 1135 
 1310 
 1683 
 2173 
 2832 
 3740 
 4037 
 3767 
 3317 
 2770 
 2212 
 1748 
 1388 
 1042 
 820 
 804 
 945 
 1227 
 1701 
 2284 
 2698 
 2867 
 2854 
 2653 
 2398 
 2204 
 1988 
 1770 
 1592 
 1444 
 1331 
 1365 
 1524 
 1755 
 2032 
 2309 
 2496 
 2549 
 2484 
 2412 
 2354 
 2315 
 2247 
 2129 
 2008 
 1896 
 1899 
 1947 
 2026 
 2091 
 2099 
 2116 
 2194 
 2305 
 2450 
 2626 
 2792 
 2686 
 2427 
 2114 
 1974 
 2024 
 2134 
 2172 
 2142 
 2133 
 2098 
 2081 
 2134 
 2258 
 2370 
 2324 
 2199 
 2075 
 1990 
 1956 
 1947 
 1978 
 2032 
 2012 
 1957 
 1899 
 1895 
 1902 
 1912 
 1938 
 1958 
 1986 
 2064 
 2247 
 2362 
 2328 
 2173 
 1935 
 1762 
 1685 
 1661 
 1656 
 1660 
 1666 
 1635 
 1592 
 1582 
 1576 
 1566 
 1430 
 1225 
 1144 
 1324 
 1754 
 2343 
 3147 
 3874 
 3961 
 3607 
 3123 
 2572 
 2116 
 1844 
 1525 
 1069 
 769 
 747 
 907 
 1222 
 1745 
 2381 
 2778 
 2918 
 2821 
 2584 
 2419 
 2304 
 2155 
 1933 
 1697 
 1472 
 1314 
 1354 
 1540 
 1811 
 2087 
 2336 
 2462 
 2459 
 2428 
 2389 
 2400 
 2437 
 2387 
 2210 
 2035 
 1923 
 1880 
 1924 
 2012 
 2102 
 2129 
 2088 
 2095 
 2231 
 2485 
 2704 
 2834 
 2772 
 2535 
 2213 
 1930 
 1805 
 1892 
 2103 
 2171 
 2055 
 2048 
 2095 
 2108 
 2192 
 2419 
 2554 
 2454 
 2166 
 1888 
 1761 
 1765 
 1854 
 1937 
 2050 
 2062 
 1951 
 1832 
 1814 
 1874 
 1924 
 1957 
 1964 
 2027 
 2151 
 2234 
 2167 
 2004 
 1930 
 1882 
 1790 
 1702 
 1651 
 1577 
 1492 
 1459 
 1525 
 1600 
 1660 
 1639 
 1468 
 1200 
 1110 
 1382 
 1898 
 2548 
 3384 
 4080 
 4032 
 3531 
 3027 
 2624 
 2317 
 2013 
 1532 
 935 
 606 
 621 
 860 
 1296 
 1939 
 2536 
 2690 
 2632 
 2564 
 2485 
 2537 
 2584 
 2370 
 1975 
 1567 
 1296 
 1197 
 1316 
 1570 
 1860 
 2103 
 2196 
 2235 
 2312 
 2429 
 2565 
 2639 
 2602 
 2419 
 2172 
 1998 
 1910 
 1938 
 2004 
 2077 
 2122 
 2139 
 2124 
 2110 
 2073 
 2073 
 2228 
 2593 
 2794 
 2655 
 2462 
 2252 
 1901 
 1807 
 1958 
 2242 
 2327 
 2157 
 1958 
 1908 
 1965 
 2123 
 2359 
 2631 
 2744 
 2419 
 2023 
 1827 
 1807 
 1817 
 1819 
 1826 
 1783 
 1739 
 1719 
 1756 
 1875 
 2027 
 2093 
 2058 
 2021 
 2038 
 2121 
 2202 
 2068 
 1883 
 1764 
 1701 
 1654 
 1652 
 1660 
 1630 
 1548 
 1529 
 1615 
 1679 
 1678 
 1569 
 1375 
 1263 
 1365 
 1647 
 2091 
 2642 
 3304 
 3671 
 3658 
 3408 
 3064 
 2798 
 2524 
 2067 
 1478 
 1072 
 918 
 957 
 1200 
 1619 
 2086 
 2400 
 2473 
 2472 
 2428 
 2476 
 2597 
 2512 
 2240 
 1900 
 1616 
 1453 
 1446 
 1602 
 1767 
 1879 
 1976 
 2067 
 2132 
 2224 
 2386 
 2500 
 2470 
 2330 
 2134 
 1978 
 1881 
 1876 
 1913 
 1955 
 1951 
 1963 
 1995 
 2025 
 2083 
 2292 
 2579 
 2658 
 2541 
 2370 
 2168 
 2043 
 2107 
 2192 
 2206 
 2141 
 2019 
 1912 
 1932 
 2079 
 2180 
 2251 
 2274 
 2207 
 2077 
 2004 
 2025 
 2038 
 2045 
 1965 
 1895 
 1884 
 1888 
 1918 
 1951 
 2022 
 2093 
 2141 
 2152 
 2174 
 2305 
 2418 
 2313 
 2069 
 1875 
 1745 
 1701 
 1653 
 1609 
 1519 
 1494 
 1469 
 1515 
 1601 
 1645 
 1619 
 1530 
 1345 
 1228 
 1255 
 1461 
 1789 
 2276 
 2830 
 3338 
 3538 
 3476 
 3335 
 3046 
 2798 
 2447 
 1964 
 1441 
 1108 
 1053 
 1198 
 1476 
 1796 
 2112 
 2397 
 2522 
 2562 
 2675 
 2865 
 2890 
 2622 
 2240 
 1829 
 1490 
 1346 
 1367 
 1494 
 1623 
 1739 
 1834 
 1930 
 2073 
 2221 
 2342 
 2391 
 2357 
 2238 
 2123 
 2049 
 2003 
 1987 
 2010 
 2010 
 1960 
 1833 
 1794 
 1900 
 2112 
 2341 
 2599 
 2700 
 2425 
 2261 
 2305 
 2544 
 2595 
 2458 
 2184 
 1870 
 1742 
 1771 
 1916 
 2123 
 2343 
 2308 
 2155 
 2039 
 2036 
 2113 
 2234 
 2335 
 2265 
 2088 
 1894 
 1816 
 1812 
 1878 
 1911 
 1922 
 1893 
 1883 
 2033 
 2286 
 2344 
 2124 
 1886 
 1738 
 1663 
 1613 
 1620 
 1615 
 1568 
 1463 
 1392 
 1418 
 1466 
 1509 
 1418 
 1303 
 1318 
 1450 
 1694 
 2063 
 2605 
 3143 
 3454 
 3518 
 3459 
 3328 
 3158 
 2950 
 2429 
 1764 
 1227 
 973 
 993 
 1233 
 1579 
 1861 
 2121 
 2304 
 2452 
 2636 
 2792 
 2890 
 2819 
 2557 
 2131 
 1709 
 1479 
 1389 
 1432 
 1545 
 1648 
 1749 
 1866 
 1995 
 2116 
 2272 
 2414 
 2449 
 2375 
 2253 
 2136 
 2032 
 1974 
 1953 
 1911 
 1871 
 1841 
 1811 
 1747 
 1784 
 1980 
 2278 
 2630 
 2745 
 2583 
 2304 
 2151 
 2186 
 2392 
 2450 
 2300 
 2019 
 1852 
 1809 
 1931 
 2151 
 2362 
 2427 
 2259 
 2055 
 1904 
 1971 
 2093 
 2203 
 2193 
 2059 
 1940 
 1894 
 1907 
 1958 
 2029 
 2083 
 2027 
 1949 
 1933 
 2014 
 2125 
 2017 
 1859 
 1780 
 1793 
 1802 
 1778 
 1738 
 1642 
 1540 
 1456 
 1409 
 1422 
 1405 
 1292 
 1199 
 1244 
 1412 
 1669 
 2041 
 2534 
 2986 
 3328 
 3512 
 3486 
 3353 
 3232 
 3091 
 2592 
 1933 
 1316 
 1011 
 1016 
 1226 
 1532 
 1757 
 1929 
 2085 
 2343 
 2640 
 2896 
 3077 
 2949 
 2594 
 2160 
 1821 
 1632 
 1572 
 1571 
 1557 
 1548 
 1582 
 1660 
 1813 
 2018 
 2192 
 2287 
 2331 
 2291 
 2232 
 2209 
 2177 
 2119 
 2044 
 1945 
 1886 
 1879 
