 89 
 84 
 70 
 49 
 47 
 48 
 41 
 32 
 17 
 12 
 11 
 9 
 11 
 11 
 17 
 31 
 45 
 47 
 46 
 53 
 62 
 63 
 72 
 87 
 72 
 60 
 53 
 46 
 49 
 38 
 26 
 22 
 18 
 11 
 19 
 36 
 50 
 67 
 78 
 106 
 112 
 101 
 94 
 82 
 80 
 68 
 53 
 36 
 39 
 32 
 11 
 7 
 11 
 19 
 41 
 88 
 139 
 157 
 142 
 126 
 107 
 87 
 80 
 69 
 51 
 39 
 31 
 24 
 14 
 10 
 12 
 24 
 46 
 79 
 108 
 130 
 138 
 133 
 127 
 118 
 109 
 93 
 76 
 67 
 63 
 61 
 55 
 47 
 41 
 41 
 33 
 23 
 20 
 17 
 10 
 7 
 5 
 4 
 7 
 7 
 6 
 13 
 24 
 34 
 41 
 45 
 43 
 43 
 45 
 47 
 48 
 43 
 35 
 29 
 20 
 11 
 7 
 8 
 7 
 3 
 0 
 0 
 0 
 1 
 3 
 5 
 7 
 12 
 15 
 14 
 20 
 34 
 48 
 47 
 43 
 41 
 36 
 31 
 24 
 24 
 23 
 17 
 11 
 7 
 6 
 4 
 1 
 1 
 6 
 9 
 10 
 16 
 23 
 34 
 47 
 51 
 60 
 63 
 61 
 67 
 71 
 70 
 62 
 50 
 41 
 28 
 14 
 9 
 7 
 12 
 24 
 55 
 93 
 116 
 139 
 142 
 126 
 105 
 82 
 87 
 82 
 64 
 50 
 37 
 29 
 25 
 19 
 11 
 12 
 15 
 28 
 38 
 47 
 61 
 65 
 97 
 123 
 122 
 121 
 99 
 78 
 69 
 67 
 64 
 60 
 55 
 45 
 40 
 30 
 21 
 16 
 7 
 3 
 4 
 9 
 22 
 36 
 54 
 76 
 93 
 95 
 95 
 91 
 78 
 68 
 61 
 55 
 44 
 43 
 48 
 41 
 31 
 24 
 17 
 7 
 6 
 17 
 36 
 57 
 73 
 106 
 138 
 135 
 113 
 98 
 102 
 92 
 68 
 52 
 45 
 33 
 18 
 13 
 11 
 13 
 13 
 7 
 3 
 2 
 6 
 16 
 31 
 44 
 54 
 62 
 60 
 55 
 62 
 74 
 65 
 55 
 53 
 41 
 26 
 14 
 13 
 11 
 7 
 5 
 6 
 6 
 7 
 17 
 35 
 56 
 71 
 77 
 84 
 87 
 79 
 71 
 64 
 53 
 43 
 35 
 27 
 26 
 28 
 20 
 12 
 11 
 10 
 5 
 3 
 3 
 5 
 11 
 23 
 33 
 42 
 51 
 63 
 62 
 53 
 60 
 63 
 51 
 49 
 51 
 43 
 33 
 21 
 13 
 6 
 3 
 3 
 3 
 2 
 4 
 9 
 24 
 47 
 59 
 56 
 69 
 101 
 98 
 84 
 78 
 65 
 51 
 38 
 31 
 27 
 23 
 14 
 7 
 6 
 8 
 16 
 24 
 41 
 61 
 65 
 72 
 71 
 69 
 77 
 68 
 63 
 57 
 39 
 28 
 22 
 15 
 11 
 9 
 6 
 5 
 8 
 15 
 34 
 57 
 77 
 101 
 116 
 110 
 109 
 103 
 91 
 76 
 67 
 58 
 49 
 48 
 31 
 21 
 17 
 9 
 9 
 19 
 33 
 56 
 89 
 126 
 152 
 145 
 135 
 139 
 136 
 118 
 87 
 72 
 70 
 47 
 32 
 26 
 15 
 7 
 4 
 12 
 35 
 81 
 137 
 164 
 188 
 200 
 187 
 181 
 161 
 131 
 114 
 84 
 56 
 49 
 38 
 30 
 28 
 21 
 10 
 11 
 15 
 25 
 45 
 73 
 91 
 101 
 107 
 110 
 106 
 105 
 105 
 84 
 67 
 69 
 71 
 51 
 39 
 32 
 35 
 25 
 16 
 16 
 12 
 15 
 26 
 57 
 89 
 110 
