 72.38 
 67.19 
 62.94 
 72.49 
 74.25 
 67.88 
 74.2 
 74.88 
 64.17 
 67.09 
 78.29 
 68.07 
 86.7 
 69.43 
 75.22 
 77.29 
 69.96 
 79.35 
 82.94 
 89.79 
 80.19 
 87.58 
 81.76 
 86.79 
 87.46 
 88.21 
 83.4 
 86.1 
 82.16 
 81.31 
 78.99 
 92.56 
 84.5 
 76.44 
 73.97 
 69.63 
 81.05 
 69.57 
 78.05 
 70.61 
 60.95 
 67.74 
 68.5 
 54.84 
 60.58 
 62.14 
 51.26 
 72.55 
 64.42 
 78.25 
 59.17 
 80.89 
 58.63 
 62.5 
 67.52 
 63.56 
 74.87 
 64.98 
 82.7 
 72.63 
 65.36 
 63.33 
 66.1 
 64.85 
 76.37 
 75.27 
 65.15 
 69.62 
 72.81 
 85.57 
 78.58 
 77.32 
 87.27 
 86.29 
 83.55 
 88.57 
 95.34 
 88.18 
 82.71 
 89.8 
 81.63 
 98.95 
 82.58 
 79.74 
 77.31 
 99.88 
 69.19 
 76.29 
 64.28 
 78.61 
 65.87 
 68.18 
 65.98 
 63.95 
 57.65 
 64.27 
 55.18 
 63.52 
 63.95 
 69.91 
 58.9 
 65.25 
 62.79 
 71.43 
 68.72 
 66.96 
 75.68 
 68.57 
 68.62 
 69.61 
 71.89 
 73.66 
 70.67 
 69.9 
 80.23 
 67.16 
 81.71 
 66.2 
 80.79 
 84.12 
 75.52 
 81.55 
 75.88 
 82.45 
 84.86 
 84.93 
 79.73 
 97.2 
 85.97 
 82 
 81.95 
 83.56 
 86.14 
 77.63 
 77.19 
 82.16 
 78.57 
 78.92 
 74.47 
 71.01 
 72.2 
 72.59 
 65.8 
 64.16 
 73.18 
 74.71 
 50.91 
 66.46 
 75.48 
 67.78 
 56.68 
 70.08 
 58.58 
 67.7 
 63.88 
 59.07 
 68.55 
 68.35 
 65.6 
 58.75 
 65.67 
 59.85 
 63.95 
 77.14 
 66.59 
 72.86 
 67.87 
 73.61 
 71.45 
 69.97 
 78.49 
 72.52 
 84.84 
 72.97 
 96.23 
 81.68 
 83.17 
 79.42 
 78.64 
 86.44 
 82.08 
 80.73 
 87.68 
 81.44 
 77.34 
 75.18 
 75.85 
 74.24 
 87.78 
 69.09 
 82.08 
 79.84 
 82.8 
 73.56 
 73.74 
 63.94 
 63.08 
 64.79 
 75.45 
 67.12 
 69.12 
 61.56 
 51.22 
 64.28 
 65.41 
 65.45 
 65.68 
 72.25 
 63.18 
 71.55 
 67.3 
 59.64 
 73.43 
 61.91 
 64.85 
 74.43 
 74.39 
 70.8 
 72.49 
 70.06 
 70.25 
 66.51 
 83.11 
 71.29 
 75.49 
 80.98 
 83.52 
 88.27 
 77.88 
 82.23 
 90.75 
 86.58 
 84.8 
 80.32 
 80.23 
 82.88 
 85 
 88.96 
 78.11 
 85.06 
 76.39 
 74.23 
 76.42 
 83.68 
 67.62 
 64.36 
 81.7 
 72.67 
 73.59 
 69.09 
 66.75 
 70.03 
 69.53 
 55.33 
 63.17 
 66 
 80.86 
 69.57 
 54.85 
 64.21 
 62.12 
 66.21 
 69.77 
 60.84 
 59.44 
 65.65 
 64.09 
 60.63 
 60.19 
 63.92 
 66.83 
 69.48 
 74.17 
 69.29 
 70.86 
 75.34 
 72.66 
 74.91 
 70.17 
 81.41 
 82.03 
 85.76 
 78.54 
 84.44 
 82.87 
 86.52 
 77.5 
 81.72 
 82.61 
 83.09 
 75.74 
 92.27 
 86.41 
 83.03 
 73.16 
 78.82 
 70.51 
 76.06 
 71.35 
 76.99 
 72.96 
 66.78 
 74.69 
 64.15 
 67.28 
 70.73 
 63.84 
 68.01 
 84.19 
 71.08 
 81.45 
 56.52 
 66.95 
 68.92 
 68.9 
 58.7 
 68.56 
 77.03 
 74.53 
 65.47 
 63.42 
 65.54 
 72.34 
 75.18 
 69.01 
 81.77 
 72.28 
 71.28 
 75.07 
 75.16 
 81.58 
 97.05 
 82.14 
 86.48 
 76.96 
 82.26 
 79.43 
 81.49 
 79.63 
 79.22 
 89.34 
 88.24 
 80.14 
 73.39 
 76.39 
 76.47 
 91.3 
 77.99 
 76.1 
 78.61 
 92.59 
 68.47 
 81.56 
 67.83 
 76.99 
 73.07 
 74.46 
 70.52 
 61.91 
 57.1 
 71.27 
 71.62 
 67.98 
 71.32 
 79.33 
 77.07 
 64.14 
 70.01 
 67.66 
 64.96 
 64.32 
 64.39 
 72.46 
 69.26 
 79.96 
 72.32 
 65.33 
 63.72 
 72.99 
 70.59 
 82.12 
 71.94 
 77.99 
 79.02 
 83.07 
 81.49 
 82.91 
 87.11 
 92.02 
 85.54 
 84.15 
 82.93 
 81.01 
 82.98 
 86.47 
 73.07 
 78.81 
 78.61 
 83.8 
 80.63 
 75.79 
 76.87 
 75.78 
 78.31 
 70.57 
 83.35 
 79.17 
 69.94 
 66.75 
 66.62 
 62.94 
 64.65 
 63.45 
 63.91 
 69.26 
 68.55 
 59.6 
 68.71 
 68.35 
 63.91 
 64.59 
 78.16 
 71.89 
 68.35 
 65.57 
 65.92 
 71.91 
 68.16 
 73.9 
 83.73 
 79.38 
 78.17 
 77.3 
 83.43 
 83.93 
 87.74 
 77.66 
 80.67 
 91.38 
 83.42 
 86.22 
 86.73 
 83.13 
 82.4 
 81.07 
 86.72 
 79.65 
 73.96 
 97.15 
 91.51 
 80.58 
 86.14 
 77.45 
 74.57 
 77.18 
 65.59 
 67.1 
 62.08 
 67.25 
 61.28 
 68.06 
 61.26 
 62.92 
 64.12 
 62.73 
 60.33 
 58.26 
 56.32 
 70.43 
 61.93 
 62.81 
 66.1 
 76.3 
 58.65 
 64.99 
 66.89 
 72.41 
 72.35 
 71.47 
 74.14 
 65.76 
 83.13 
 73.7 
 76.09 
 69.63 
 86.79 
 86.49 
 78.49 
 84.7 
 80.75 
 84.53 
 85.34 
 83.88 
 84.91 
 84.63 
 78.23 
 86.6 
 79.98 
 90.93 
 93.43 
 90.16 
 80.38 
 82.37 
 75.35 
 72.29 
 75.68 
 73.33 
 70.52 
